1.60729 0
1.52042 0.08687
1.49266 0.0573228
1.49331 0.0405385
1.50349 0.0330118
1.51356 0.0287723
1.52631 0.0274587
1.51605 0.0259017
1.52009 0.0231988
1.52799 0.0222028
1.52251 0.0208178
1.52308 0.0190125
1.51702 0.0185115
1.51309 0.0175816
1.51298 0.0163679
1.50608 0.0167972
1.50905 0.0160568
1.50859 0.0151455
1.50964 0.0143641
1.50502 0.0143885
1.5069 0.0138157
1.50634 0.013185
1.50908 0.012894
1.50546 0.012865
1.50868 0.0127535
1.50789 0.0122787
1.50592 0.0119781
1.50514 0.0115687
1.50508 0.0111629
1.50576 0.0108058
1.50534 0.0104596
1.50487 0.0101386
1.50281 0.0100398
1.50184 0.0097885
1.50066 0.00957708
1.4997 0.00935705
1.49798 0.009262
1.49958 0.00915661
1.50151 0.00912565
1.50053 0.00894901
1.49879 0.00889913
1.49988 0.00875256
1.50117 0.00864389
1.50009 0.00851449
1.49837 0.00849961
1.49776 0.00833485
1.49771 0.00815574
1.49785 0.0079853
1.49943 0.00797728
1.5 0.00783714
1.50044 0.00769444
1.50167 0.00764477
1.50171 0.00749924
1.50108 0.00738587
1.50212 0.00732463
1.50041 0.0073936
1.5 0.00727408
1.4989 0.0072312
1.49969 0.00715042
1.4987 0.00709927
1.49836 0.00699
1.49739 0.00694413
1.49693 0.00684897
1.49746 0.00676242
1.49884 0.00679743
1.49877 0.006694
1.49818 0.0066194
1.49655 0.00672095
1.49493 0.00681979
1.49635 0.00687094
1.49681 0.00678909
1.49806 0.00680939
1.49897 0.00677681
1.49886 0.00668552
1.49937 0.00661579
1.49953 0.00653016
1.49894 0.0064722
1.49864 0.00639588
1.49952 0.00637582
1.4987 0.006348
1.49891 0.00627257
1.49906 0.00619729
1.49899 0.00612251
1.49957 0.00607682
1.50029 0.00604816
1.4994 0.00604369
1.4995 0.0059746
1.49915 0.00591632
1.49831 0.00591033
1.49977 0.00602562
1.49974 0.00595914
1.49953 0.00589758
1.49986 0.00584271
1.49949 0.00579179
1.49867 0.00578844
1.49777 0.00579844
1.4974 0.00575029
1.49793 0.00571594
1.4982 0.00566409
1.49815 0.00560737
1.49798 0.00555411
1.49826 0.00550646
1.49768 0.00548306
1.49774 0.00543039
1.49718 0.00540761
1.49686 0.00536589
1.49774 0.00538878
1.49748 0.00534496
1.49683 0.00533658
1.49715 0.0052978
1.49764 0.0052731
1.4972 0.00524441
1.49932 0.00561172
1.4992 0.00556361
1.49875 0.00553303
1.49896 0.00548908
1.49859 0.00545464
1.49857 0.00540826
1.49842 0.00536447
1.49852 0.00532046
1.49899 0.00529724
1.49923 0.00525882
1.49996 0.00526697
1.50022 0.00523109
1.49924 0.00528177
1.49913 0.00524086
1.49984 0.00524861
1.50024 0.00522258
1.4999 0.00519302
1.49998 0.00515347
1.5004 0.00513142
1.50056 0.00509503
1.50142 0.00512943
1.50108 0.00510251
1.50123 0.0050667
1.50097 0.00503579
1.50105 0.00499948
1.5009 0.00496535
1.50126 0.00494257
1.50166 0.00492331
1.50158 0.00488884
1.50254 0.00494787
1.5026 0.00491351
1.50262 0.00487929
1.50333 0.00489789
1.50351 0.00486731
1.50348 0.00483418
1.50425 0.0048629
1.50348 0.00489054
1.50324 0.00486354
1.50332 0.00483184
1.50284 0.00482405
1.50265 0.0047961
1.50192 0.00482066
1.50342 0.00501946
1.50316 0.00499388
1.50373 0.00499386
1.50406 0.00497329
1.5036 0.00496296
1.50407 0.00495374
1.50406 0.00492289
1.50429 0.00489751
1.50428 0.00486738
1.50415 0.00483931
1.50389 0.00481711
1.50462 0.00484373
1.50426 0.00482799
1.50396 0.0048085
1.50398 0.00478
1.50357 0.00477002
1.50397 0.0047593
1.50363 0.0047437
1.50367 0.00471636
1.50385 0.00469243
1.50397 0.00466729
1.50448 0.00466821
1.5045 0.00464181
1.50429 0.00462026
1.5049 0.00463466
1.50468 0.00461418
1.50455 0.00459062
1.50436 0.00456904
1.50456 0.0045481
1.50448 0.00452395
1.50441 0.00449994
1.50431 0.00447673
1.50451 0.00445685
1.50396 0.00446637
1.50392 0.00444289
1.5036 0.00443108
1.50341 0.00441169
1.50301 0.00440671
1.50265 0.00439899
1.50296 0.00438715
1.50291 0.00436488
1.50279 0.00434414
1.5031 0.00433288
1.50273 0.00432685
1.50282 0.00430612
1.50261 0.00428997
