1 -0.326841 0.00166816
3 -0.430281 0.00116967
5 -0.394594 0.0016595
7 -0.201616 0.00396655
9 -0.349568 0.00122403
11 -0.359177 0.00243487
13 -0.436536 0.00104224
15 -0.436536 0.00104224
17 -0.434348 0.000994357
19 -0.401361 0.00127573
21 -0.422046 0.0010362
23 -0.397381 0.00106879
25 -0.401307 0.000997957
27 -0.360446 0.00196169
29 -0.399675 0.00145905
31 -0.355114 0.00186952
33 -0.406902 0.00159508
35 -0.42021 0.000786611
37 -0.412927 0.000821238
39 -0.438487 0.000755013
41 -0.404061 0.00180135
43 -0.393869 0.00174546
45 -0.393869 0.00174546
47 -0.402199 0.00155095
49 -0.37206 0.00172062
51 -0.341402 0.0024608
53 -0.413042 0.000953544
55 -0.43675 0.000916021
57 -0.435953 0.000671571
