-0.396366 0
-0.417852 0.0214855
-0.416562 0.0124716
-0.410324 0.0108018
-0.410172 0.00836839
-0.409974 0.00683564
-0.407015 0.00649075
-0.405861 0.00573842
-0.407767 0.00540799
-0.406572 0.00498256
-0.406519 0.00450721
-0.407229 0.0041753
-0.406161 0.00398641
-0.408029 0.00413677
-0.407024 0.00398019
-0.406742 0.00373376
-0.406305 0.00353443
-0.405425 0.00344645
-0.405349 0.0032609
-0.402052 0.00452142
-0.401644 0.00431998
-0.401371 0.00412804
-0.402203 0.00403132
-0.402251 0.00386
-0.400134 0.00426492
-0.399875 0.00410583
-0.400705 0.00403719
-0.399555 0.00405676
-0.400132 0.0039567
-0.400554 0.00384573
-0.399743 0.00380712
-0.400528 0.00376889
-0.400442 0.00365391
-0.400834 0.00356638
-0.401773 0.00358811
-0.401292 0.00352007
-0.401196 0.00342496
-0.400382 0.00343153
-0.401065 0.0034115
-0.400229 0.00342864
-0.399428 0.00343852
-0.399653 0.0033632
-0.400209 0.00333084
-0.399814 0.00327814
-0.4 0.00320984
-0.400233 0.00314794
-0.399726 0.00312176
-0.40041 0.00313164
-0.400207 0.00307373
-0.399717 0.00305132
-0.399869 0.00299474
-0.399907 0.00293683
-0.399621 0.00289504
-0.399823 0.00284813
-0.399503 0.00281417
-0.399438 0.00276423
-0.399706 0.00272849
-0.39949 0.0026897
-0.399578 0.00264516
-0.399932 0.00262475
-0.399742 0.00258835
-0.39984 0.00254814
-0.400166 0.00252841
-0.399894 0.00250339
-0.400363 0.0025089
-0.400543 0.0024771
-0.400639 0.00244174
-0.400065 0.00247292
-0.39995 0.00243956
-0.40046 0.0024581
-0.400397 0.00242406
-0.400832 0.0024294
-0.400869 0.00239617
-0.400893 0.00236369
-0.401256 0.00236003
-0.401547 0.00234697
-0.401642 0.00231824
-0.401756 0.00229115
-0.401906 0.00226694
-0.401876 0.00223863
-0.401854 0.00221093
-0.401806 0.00218433
-0.40154 0.00217426
-0.40154 0.00214822
-0.401617 0.0021242
-0.402036 0.00214083
-0.401776 0.00213207
-0.401966 0.00211628
-0.402048 0.00209398
-0.401932 0.00207386
-0.402109 0.00205856
-0.402072 0.00203638
-0.402203 0.00201861
-0.401998 0.00200753
-0.402037 0.00198667
-0.402072 0.00196617
-0.401855 0.00195784
-0.402132 0.00195743
-0.402096 0.0019379
-0.40213 0.00191872
