-0.436467 0
-0.44153 0.00506356
-0.4396 0.00350346
-0.440841 0.00277104
-0.443818 0.00366997
-0.445281 0.00333483
-0.444342 0.00297107
-0.44355 0.00269199
-0.445027 0.00279591
-0.446593 0.00295053
-0.446018 0.00272998
-0.445368 0.00257549
-0.445563 0.00237707
-0.44648 0.00238439
-0.445555 0.00240491
-0.445229 0.00227306
-0.44459 0.00222878
-0.444522 0.00210241
-0.444757 0.00200253
-0.445008 0.00191629
-0.445649 0.00193199
-0.445575 0.00184356
-0.445726 0.00176801
-0.445535 0.00170347
-0.445762 0.00164961
-0.445697 0.0015862
-0.445421 0.00155105
-0.445216 0.00150872
-0.445247 0.00145609
-0.445457 0.00142234
-0.445066 0.00143029
-0.44496 0.00138888
-0.444808 0.00135476
-0.444735 0.00131631
-0.444406 0.00131986
-0.444245 0.00129273
-0.444089 0.00126696
-0.443968 0.00123908
-0.443841 0.00121358
-0.444228 0.00124462
-0.443981 0.00123872
-0.443854 0.00121556
-0.443709 0.00119579
-0.443803 0.00117212
-0.443935 0.00115335
-0.443952 0.00112812
-0.443797 0.00111475
-0.443739 0.00109279
-0.443426 0.00111522
-0.443414 0.00109275
-0.443691 0.00110634
-0.443595 0.00108912
-0.443534 0.0010701
-0.443569 0.00105067
-0.443638 0.0010337
-0.443794 0.00102698
-0.443838 0.00100979
-0.444073 0.0010195
-0.44415 0.00100506
-0.444255 0.000993734
-0.444233 0.000977553
-0.444438 0.000983179
-0.444443 0.000967459
-0.44434 0.000957699
-0.44442 0.000946158
-0.444458 0.000932506
-0.444607 0.000930441
-0.444527 0.0009201
-0.444584 0.000908476
-0.444666 0.000899131
-0.444605 0.000888507
-0.444846 0.000908652
-0.445012 0.000911384
-0.445092 0.000902575
-0.445107 0.00089058
-0.444862 0.000912281
-0.4449 0.000901165
-0.444964 0.000891829
-0.444907 0.000882325
-0.44501 0.000877349
-0.444877 0.000876629
-0.445012 0.000876312
-0.444963 0.000867058
-0.444739 0.00088565
-0.444667 0.000878103
-0.444726 0.000869804
-0.444679 0.000861031
-0.444767 0.000855785
-0.444721 0.000847397
-0.444673 0.000839286
-0.444821 0.000843114
-0.444937 0.000842019
-0.445023 0.000837343
-0.444998 0.000828773
-0.445116 0.000828384
-0.445154 0.000820585
-0.445188 0.000812819
-0.445051 0.000816148
-0.445197 0.000820996
-0.445222 0.000813137
