436.634
406.243
400.914
388.006
379.321
371.531
368.089
352.776
349.569
346.381
332.766
329.985
327.715
323.829
321.458
313.866
313.506
305.338
297.824
295.069
279.365
279.365
275.649
274.305
271.957
270.627
263.563
259.969
258.645
258.645
253.551
252.442
249.775
248.08
242.781
235.296
234.342
234.342
228.55
227.045
217.865
217.865
215.723
215.723
208.761
208.761
207.844
203.682
203.682
203.667
198.926
198.911
195.019
195.003
193.609
191.96
190.88
189.566
187.607
186.569
179.789
179.789
178.294
178.294
178.266
177.263
176.742
176.742
175.849
174.292
173.258
172.409
172.024
171.831
170.701
170.488
167.904
166.877
164.917
164.143
149.645
145.795
145.795
145.795
145.628
145.628
144.919
144.092
144.009
143.217
143.133
140.334
140.334
139.612
139.368
138.456
138.334
138.025
136.989
135.392
135.341
130.959
130.61
130.61
130.61
128.987
128.734
127.111
126.64
126.367
125.875
125.519
125.044
124.997
122.95
122.95
122.701
122.178
121.89
121.483
121.483
121.195
120.752
120.464
120.176
119.445
118.665
118.665
118.665
118.665
116.705
116.456
116.456
116.136
116.136
116.136
115.986
115.399
115.399
115.399
115.329
112.926
112.926
112.83
112.83
112.479
111.641
111.22
110.365
110.088
110.088
109.641
108.951
108.53
108.53
108.53
108.316
107.255
107.255
107.255
104.802
104.802
104.543
103.826
102.089
101.914
101.914
101.914
101.512
100.435
100.435
100.435
99.5541
99.5541
99.4324
99.4324
99.1327
98.3942
98.3942
97.9728
96.2804
95.8644
93.8483
93.6947
93.6947
93.2588
93.2588
93.2588
92.5913
92.4378
92.2061
92.2061
91.4878
91.4878
91.2562
91.2562
91.2562
90.4696
90.4696
90.4696
89.8175
89.8175
89.8175
89.8175
89.8175
89.8175
89.8175
89.8175
89.8175
89.5234
89.5234
89.5206
88.6972
88.6972
88.5168
88.5168
88.5168
87.9849
87.9849
87.9849
85.0327
84.8523
84.8523
84.8523
84.8523
84.4729
84.4729
84.424
84.424
84.424
83.1871
83.1871
83.054
83.054
82.9367
82.8036
82.8036
82.7086
82.4845
82.3895
81.6696
81.1098
80.7906
80.5953
79.8544
78.8555
78.5364
78.5364
78.5364
78.103
77.9782
77.9782
77.9782
77.9782
77.9782
77.9782
77.9782
77.9782
77.9782
77.3374
76.9604
76.9604
76.9604
76.9604
75.9387
75.9387
75.9387
75.8924
75.8924
75.8924
75.8924
75.8045
75.7472
75.7472
75.7472
75.7472
75.5269
75.4696
75.4696
75.4696
75.4696
75.4696
75.3405
75.1101
75.1101
74.981
74.981
74.981
74.981
74.981
74.981
74.981
74.981
74.981
74.8373
74.8373
74.6532
74.6532
74.6532
74.6532
73.0888
73.0384
73.0384
73.0384
73.0384
73.0384
72.9521
72.9521
72.7823
72.7823
72.7823
72.4036
72.4036
72.4036
71.4591
71.0347
71.0347
71.0347
71.0347
71.0347
71.0347
71.0347
71.0347
71.0347
70.9773
70.9773
70.9773
70.9773
70.9773
70.9773
70.9592
70.4591
70.441
70.441
70.0528
70.0346
70.0346
70.0346
70.0346
70.0346
70.0346
70.0346
70.0346
70.0346
70.0346
70.0346
70.0346
70.0346
70.0346
70.0346
70.0346
70.0346
70.0346
70.0346
70.0346
70.0346
70.0346
70.0346
70.0346
70.0346
69.2376
69.2376
69.2376
69.2139
69.2139
69.2139
69.2139
69.2139
69.2139
69.2139
69.2139
69.2139
69.2139
69.2139
69.2139
69.2139
69.2139
69.2139
69.2139
69.2139
69.2139
69.2139
69.2139
69.2139
69.2139
69.2139
69.2139
69.2139
69.2139
69.2139
69.2139
69.2139
69.2139
69.1012
69.1012
69.1012
69.1012
69.1012
69.1012
69.1012
69.1012
69.1012
69.1012
69.1012
69.1012
69.1012
69.1012
69.1012
69.1012
69.1012
69.1012
69.1012
69.1012
69.1012
69.1012
69.1012
69.1012
69.1012
69.1012
69.1012
68.9361
68.9361
68.9361
68.9361
68.9361
68.9361
68.9361
68.9361
68.9361
68.9361
68.9361
68.9361
68.9361
68.9361
68.9361
68.9361
68.9361
68.9361
68.9361
68.9361
68.8516
68.8516
68.6185
68.6185
68.6185
68.6185
68.6185
68.6185
68.6185
68.6185
68.6185
68.542
68.542
68.542
68.542
68.542
68.542
68.542
68.542
68.542
68.542
68.542
68.542
68.542
68.542
68.542
68.542
68.542
68.542
68.542
68.542
68.542
68.5283
68.5283
68.5283
68.5283
68.5283
68.5283
68.5283
68.5283
68.5283
68.5283
68.5283
68.5283
68.5283
68.5283
68.5283
68.5283
68.5283
68.5283
68.5283
68.5283
68.5283
68.5283
68.5283
68.5283
68.5283
68.5283
68.5283
68.5283
67.7242
67.7242
67.7242
67.7242
67.7242
67.7242
67.7242
67.4274
67.4274
67.4274
67.4274
67.4274
67.4274
67.4274
67.4274
67.4274
67.4274
67.4274
67.4274
67.4274
66.9548
66.9548
66.9548
66.9548
66.9548
66.9548
66.9548
66.9548
66.9548
66.9548
66.9548
66.9548
66.9548
66.9548
66.9548
66.9548
66.9548
66.9548
66.9548
66.9548
66.9548
66.9548
66.9548
66.9548
66.9548
66.9548
66.9548
66.9548
66.9548
66.9548
66.9548
66.9548
66.9548
66.9548
66.9548
66.9548
66.9548
66.9548
66.9548
66.9548
66.5724
66.5724
66.5724
66.5724
66.5724
66.5724
66.5724
66.5724
66.5724
66.5724
66.5724
66.5724
66.5724
66.5724
66.5724
66.5724
66.5724
66.5724
66.5724
66.5724
66.5724
66.5724
66.5724
66.5724
66.5724
66.5724
66.5724
66.5724
66.5724
66.5724
66.5724
66.5724
66.5724
66.5724
66.5724
66.5724
66.5724
66.5724
66.5724
66.5724
66.5724
66.5724
66.5724
66.5724
66.5724
66.5724
66.5724
66.5724
66.5724
66.5724
66.5724
66.5724
66.5724
66.5724
66.5724
66.5724
66.5724
66.5724
66.5724
66.5724
66.5724
66.5724
66.5724
66.5724
66.5724
66.5724
66.5724
66.5724
66.5724
66.5724
66.5724
66.5724
66.5724
66.5724
66.5724
66.5724
66.5724
66.5724
66.5724
66.5724
66.5724
66.5724
66.5724
66.5724
66.5724
66.5724
66.5724
66.5724
66.5724
66.5724
66.5724
66.5724
66.5724
66.5724
66.5724
66.5724
66.5724
66.5724
66.5724
66.5724
66.5724
66.5724
66.5724
66.5724
66.5724
66.5724
66.5724
66.5724
66.5724
66.5724
66.5724
66.5724
66.5724
66.5724
66.5724
66.5724
66.5724
66.5724
66.5724
66.5724
66.5724
66.5724
66.5724
66.5724
66.5724
66.5724
66.5724
66.5724
66.5724
66.5724
66.5724
66.5724
66.5724
66.5724
66.5724
66.5724
66.5724
66.5724
66.5724
66.5724
66.5724
66.5724
66.5724
66.5724
66.5724
66.5724
66.5724
66.5724
66.5724
66.5724
66.5724
66.5724
66.5724
66.5724
66.5724
66.5724
66.5724
66.5724
66.5724
66.5724
66.5724
66.5724
66.5724
66.5724
66.5724
66.5724
66.5724
66.5724
66.5724
66.5724
66.5724
66.5724
66.5724
66.5724
66.5724
66.5724
66.5724
66.5724
66.5724
66.5724
66.5724
66.5724
66.5724
66.5724
66.5724
66.5724
66.5724
66.5724
66.5724
66.5724
66.5724
66.5724
66.5724
66.5724
66.5724
66.5724
66.5724
66.5724
66.5724
66.5724
66.5724
66.5724
66.5724
66.5724
66.5724
66.5724
66.5724
66.5724
66.5724
66.5724
66.5724
66.5724
66.5724
66.5724
66.5724
66.5724
66.5724
66.5724
66.5724
66.5724
66.5724
66.5724
66.5724
66.5724
66.5724
66.5724
66.5724
66.5724
66.5724
66.5724
66.5724
66.5724
66.5724
66.5724
66.5724
66.5724
66.5724
66.5724
66.5724
66.5724
66.5724
66.5724
66.5724
66.5724
66.5724
66.5724
66.5724
66.5724
66.5724
66.5724
66.5724
66.5724
66.5724
66.5724
66.5724
66.5724
66.5724
66.5724
66.5724
66.5724
66.5048
66.5048
66.5048
66.5048
66.5048
66.5048
66.5048
66.5048
66.5048
66.5048
66.5048
66.5048
66.5048
66.5048
66.5048
66.5048
66.5048
66.5048
66.5048
66.5048
65.8816
65.8816
65.8816
65.8816
65.8816
65.8816
65.8816
65.8816
65.8816
65.8816
65.8816
65.8816
65.8816
65.8816
65.8816
65.8816
65.8816
65.8816
65.8816
65.8816
65.8816
65.8816
65.8816
65.8816
65.8816
65.8816
65.8816
65.8816
65.8816
65.8816
65.8816
65.8816
65.8816
65.8816
65.8816
65.8816
65.8816
65.8816
65.8816
65.8816
65.8816
65.8816
65.8816
65.8816
65.8816
65.8816
65.8816
65.8816
65.8816
65.8816
65.8816
65.8816
65.8816
65.8816
65.8816
65.8816
65.8816
65.8816
65.8816
65.8816
65.8816
65.8816
65.8816
65.8816
65.8816
65.8816
65.8816
65.8816
65.8816
65.8816
65.8816
65.8816
65.8816
65.8816
65.8816
65.8816
65.8816
65.8816
65.8816
65.8816
65.8816
65.8816
65.8816
65.8816
65.8816
65.8816
65.8816
65.8816
65.8816
65.8816
65.8816
65.8816
65.8816
65.8816
65.8816
65.8816
65.8816
65.8816
65.8816
65.8816
65.8816
65.8816
65.8816
65.8816
65.8816
65.8816
65.8816
65.8816
65.8816
65.8816
65.8816
65.8816
65.8816
65.8816
65.8816
65.8816
65.8816
65.8816
65.8816
65.8816
65.8816
65.8816
65.8816
65.8816
65.8816
65.8816
65.8816
65.8816
65.8816
65.8816
65.8816
65.8816
65.8816
65.8816
65.8816
65.8816
65.8816
65.8816
65.6533
65.6533
65.6533
65.6533
65.6533
65.6533
65.6533
65.6533
65.6533
65.6533
65.6533
65.6533
65.6533
65.6533
65.6533
65.6533
65.6533
65.6533
65.6533
65.6533
65.6533
65.6533
