492.766
474.201
453.093
434.5
417.495
406.156
395.701
386.662
377.973
369.2
361.945
356.119
351.202
347.615
341.758
336.53
332.924
329.065
326.723
321.418
315.656
310.333
304.881
300.334
293.011
284.754
281.223
277.006
272.952
270.027
266.025
263.586
260.669
258.615
256.785
255.512
252.311
249.431
247.004
243.637
239.901
236.975
234.747
232.279
229.297
225.826
223.245
219.905
217.767
215.012
213.05
210.293
208.858
206.291
203.709
202.067
200.296
198.75
197.988
197.694
197.191
197.09
195.947
194.88
194.577
192.14
189.452
186.224
185.709
185.288
183.861
182.714
182.258
179.82
178.002
177.592
176.133
175.027
173.398
171.901
170.945
169.812
167.727
164.668
160.61
157.48
153.881
151.916
150.903
150.036
149.399
148.533
147.548
146.701
145.676
144.742
143.783
143.125
142.698
141.999
141.141
140.81
140.263
139.504
138.538
137.238
135.474
134.05
133.668
132.829
131.755
131.655
130.451
130.095
130.299
129.776
128.993
127.89
126.477
125.986
125.562
125.647
125.264
124.76
124.304
123.752
123.756
123.36
122.633
122.61
121.84
121.748
121.722
120.686
119.747
119.241
118.94
118.424
117.949
118.156
117.901
117.892
117.683
117.985
116.584
116.277
116.758
115.894
115.886
115.375
114.853
114.982
114.704
114.544
114.674
113.962
112.783
112.619
112.206
111.761
111.249
111.732
111.403
111.031
110.942
110.154
109.582
108.764
108.357
106.87
105.757
105.293
104.948
104.254
103.728
103.503
103.309
103.236
102.638
102.556
102.862
102.149
102.729
102.63
101.613
99.8168
98.713
97.6515
96.2861
96.0862
95.8925
95.6805
94.9781
94.6306
94.4441
93.7971
93.5398
93.6494
93.7618
93.9631
93.4308
94.1976
93.9581
93.2954
92.5301
92.638
92.9403
93.7326
93.5359
92.8137
92.574
92.8047
93.4114
92.5476
92.2632
92.5117
92.5412
92.2475
92.0473
91.3303
90.5134
90.3068
90.21
89.6
89.6635
89.139
89.2122
88.7273
88.5862
88.3221
88.9614
89.1159
88.2015
87.6167
87.234
87.5086
86.912
86.5335
86.4293
85.76
85.4513
84.8516
85.7147
85.2029
84.9259
85.9321
84.7867
84.5189
83.4769
82.507
82.8216
82.8915
82.194
81.5365
81.2621
81.4887
81.308
81.7355
81.1557
81.0056
81.142
80.8272
80.8733
80.817
81.1378
80.7504
80.3462
79.848
78.6834
78.9757
79.1292
79.2767
78.6309
78.7705
77.6664
77.6984
77.9033
78.1034
77.8002
78.4784
78.8087
78.8004
78.8081
78.7197
79.9247
79.4788
78.823
77.8851
78.6221
78.751
78.7957
78.9342
78.6263
78.5309
79.185
78.8127
79.3049
78.6239
78.225
77.8373
77.9563
77.8141
77.7646
77.4821
77.4178
77.1813
77.2592
76.3557
76.4706
75.8602
75.7103
75.5555
75.3762
76.2067
76.6541
76.3746
75.6998
74.6205
74.6251
74.2638
74.7259
74.0509
73.8133
73.6274
73.8414
73.8977
73.7123
73.9906
74.3814
74.2981
74.0839
73.8239
74.3131
74.4285
74.3733
73.6765
73.7614
73.6942
73.8252
72.74
72.8158
73.0067
72.3449
73.2248
73.4361
74.3815
73.7718
74.214
74.4209
74.261
74.3685
73.61
72.8559
72.7652
72.9506
72.6534
72.6134
71.9793
72.6325
72.0085
72.9263
72.5979
72.6725
73.187
73.4304
73.7672
73.7893
73.5566
73.7915
73.51
72.48
72.3561
71.9926
72.2477
72.7752
72.1166
71.9202
72.5009
72.7517
72.0398
71.9565
71.4395
71.8458
71.8002
71.626
71.4421
71.8308
71.9139
71.6232
71.4892
71.4813
71.5948
71.7535
71.6622
71.4263
72.1378
72.0248
71.6281
72.431
71.9501
71.6515
72.074
71.9682
71.7153
71.785
71.9535
71.9619
71.9721
71.7419
71.9104
71.529
71.4099
71.8317
72.5855
71.9958
72.018
72.5358
72.0685
71.8167
72.2087
72.0526
71.7943
72.3733
71.5907
71.9129
71.6806
72.6127
72.1383
71.9944
71.8905
71.6175
72.3893
72.576
72.1341
72.6676
72.9762
72.1722
71.1001
71.2707
71.6312
71.9523
72.492
72.4535
72.1505
72.2076
71.8817
71.7557
72.2283
70.95
71.8088
71.5045
72.0023
71.6194
72.1124
71.0988
70.9402
70.8925
71.0304
70.7918
70.5794
70.8026
71.7956
71.8675
71.6906
71.9746
71.3443
71.9835
71.961
71.4016
71.4939
71.053
71.4502
71.7209
72.9084
73.0144
72.8587
71.7444
71.8505
72.4764
72.1179
72.6427
73.0163
71.9365
71.7645
71.8332
71.7547
72.5037
72.6138
71.6037
70.8679
71.5761
72.0812
71.9951
71.1528
71.1895
70.9085
70.8566
70.0167
70.6225
70.2652
70.8021
71.9707
71.8028
71.5437
71.1824
71.6949
71.6815
71.418
71.0169
71.7224
72.1931
71.5364
71.1213
71.2948
70.6328
70.6089
69.7198
70.2572
70.014
70.866
70.4489
70.7629
69.6769
70.1865
70.2565
69.954
70.2634
70.1016
69.9535
69.7231
70.5964
70.1598
70.3893
70.0557
70.362
70.8217
71.1422
71.118
70.5121
70.7602
70.591
70.0565
69.6857
70.6075
69.7355
69.7387
70.7605
70.7464
70.3184
70.4055
70.1668
70.6742
69.7467
70.1248
69.5164
70.0981
69.9132
69.9822
70.1448
70.5001
70.3065
69.6264
69.7697
70.5784
69.4014
69.4174
69.5762
69.6706
69.6717
70.0537
70.0484
70.0345
69.3098
70.2002
69.9538
70.0564
69.5243
69.5334
69.5507
69.3109
69.5517
69.4695
69.5613
70.7148
70.441
70.2907
70.5375
69.2195
68.7864
69.4445
69.9575
70.1486
69.7604
69.7583
69.77
70.4924
69.5767
69.9728
70.5416
70.0795
69.0632
69.6318
69.6721
69.4862
70.1906
69.7158
69.4155
70.0245
70.2588
70.5982
70.7369
70.0365
70.0567
70.4943
70.2595
69.6668
70.0486
69.8012
69.5531
70.6456
69.7627
69.7248
69.8583
70.5359
69.7784
70.0101
69.6359
69.9461
69.8993
69.9087
69.602
69.7062
70.3973
69.5793
69.0772
68.7644
68.9149
69.7976
69.5529
69.8181
69.7076
69.5349
69.5944
69.5539
69.6886
69.6969
69.5972
69.7488
68.9564
69.123
69.3792
68.98
69.6104
69.0659
69.9224
70.4651
70.4614
70.4922
71.3963
70.4772
69.8176
69.6534
70.7558
70.1619
69.9234
68.8969
69.4107
69.4243
70.5851
71.0353
70.2215
69.71
69.9882
69.6038
69.6621
69.3049
69.7262
69.9195
69.6949
69.4597
69.4344
69.0674
69.3951
70.3475
69.9691
70.074
70.0569
69.9632
69.7864
69.079
69.4185
68.6163
69.9865
70.3745
70.3155
70.0999
69.0578
70.024
70.1238
70.0318
70.1973
70.1006
69.9134
70.1864
69.8648
70.4173
70.6842
70.8436
69.8733
70.2636
71.3312
71.1115
71.1281
70.964
71.1769
70.6248
70.8068
69.7749
69.9765
69.6164
68.976
69.3363
69.1641
69.57
69.197
70.1605
69.7568
69.7253
69.9701
70.0819
70.5446
70.3778
69.7745
69.6376
70.0062
70.2079
70.2346
69.8444
69.8996
69.7752
69.8256
69.9291
69.4931
69.2036
69.7473
69.8125
69.7812
69.3673
69.7087
69.2404
69.367
69.8042
69.7191
70.4395
70.5564
70.4318
70.5732
70.8879
70.1732
70.269
70.1081
69.902
70.8664
70.3844
69.3556
69.8738
69.5962
69.9341
70.4304
71.0592
69.851
69.4186
70.0226
70.1924
70.0654
69.5722
69.0536
68.8738
68.9943
69.1302
68.9064
69.1627
69.6363
69.6066
69.7955
69.8439
69.7196
70.0848
69.7716
69.6911
70.0558
69.5941
69.8339
69.638
69.2051
69.1767
69.5526
70.5488
70.4821
70.9229
70.1308
69.8567
69.4748
69.5782
69.9166
69.9635
69.549
70.0345
69.6618
69.1246
69.7885
70.2951
69.1812
69.0808
69.3246
69.2419
68.5118
69.2158
69.7322
70.2874
69.9629
69.6665
69.1672
69.6186
70.2872
70.0767
70.424
70.5461
69.9701
70.5406
69.8466
69.8757
70.4778
69.2726
70.5294
70.55
70.1341
70.4992
70.248
70.7964
70.0895
69.8929
70.4207
69.5139
69.369
68.8371
69.335
69.2191
68.6374
68.4185
69.0057
69.0147
69.1962
68.7604
69.2376
69.2921
68.4054
68.7372
68.358
68.7545
68.9941
69.2591
69.1311
70.53
70.2395
69.9163
69.1163
69.1575
68.9978
69.064
68.5478
69.1104
69.2069
69.4578
69.6194
70.1304
69.6068
68.397
68.4128
68.3564
68.7313
68.5279
68.1908
68.4151
68.7436
69.8951
70.2059
70.3719
70.106
68.9603
68.9405
68.5575
69.0378
68.8742
68.8642
68.8758
69.5774
68.5916
69.3606
69.315
68.042
69.0816
68.6532
69.0247
69.2376
69.3723
68.79
68.7363
68.1539
68.2349
68.2831
69.8829
70.6447
68.7591
68.8813
69.1387
69.2376
68.3175
68.9116
67.8972
67.9822
67.9065
68.6493
69.118
69.1976
69.0805
69.339
68.9151
69.0512
68.9386
69.1092
68.9404
68.2195
68.7492
68.7526
69.4484
68.7567
68.7401
68.6518
68.5453
67.8031
67.769
67.2054
67.7169
68.617
69.0833
69.2608
69.6503
70.2623
69.9248
70.7593
70.6903
70.038
69.2573
69.2194
69.0335
68.6617
69.2152
69.2783
69.0595
68.9431
68.743
69.0067
69.1255
68.7579
68.7388
68.8407
68.5421
68.6726
68.5979
68.5875
68.2573
69.0693
68.9166
68.4894
67.722
68.4593
68.4217
67.9593
67.6037
68.2134
68.5231
68.9225
68.8732
68.8481
68.5255
68.4429
68.4135
68.4436
68.166
68.5679
67.8539
68.5058
68.1834
68.4594
68.6669
68.3648
69.0539
70.1006
69.4267
