1.60313 0
1.60387 0.000741151
1.5425 0.0613684
1.52386 0.0472284
1.538 0.0392191
1.53749 0.0320263
1.52859 0.0284926
1.51958 0.0262694
1.5282 0.0247173
1.52468 0.0223861
1.5272 0.020405
1.52862 0.0186812
1.5195 0.0194539
1.51751 0.0181203
1.51896 0.0169313
1.52204 0.0161358
1.51908 0.0154436
1.51457 0.0152436
1.51211 0.014627
1.50881 0.0142643
1.51118 0.0137738
1.51 0.0131852
1.50742 0.0128619
1.50868 0.0123792
1.50972 0.011919
1.50779 0.0116124
1.50511 0.011491
1.5036 0.0111752
1.50337 0.0107856
1.50133 0.0106176
1.50064 0.0102924
1.5 0.00998635
1.4984 0.00980885
1.49721 0.00959111
1.49585 0.00941177
1.49368 0.0093988
1.49287 0.00917731
1.4929 0.00893259
1.49314 0.0087037
1.49359 0.00849561
1.49529 0.00845865
1.49457 0.00828668
1.49711 0.00848026
1.49732 0.00828803
1.49474 0.00850127
1.494 0.00834784
1.49513 0.00824636
1.49541 0.00807775
1.49407 0.00802532
1.4947 0.00788853
1.4967 0.00798747
1.4956 0.0079094
1.49461 0.00782157
1.49531 0.00770763
1.49572 0.00757728
1.49699 0.00754746
1.49685 0.00741508
1.4985 0.00747034
1.49879 0.00734836
1.49786 0.00728473
1.49842 0.00718566
1.49819 0.00707239
1.49906 0.00701366
1.499 0.00690352
1.49908 0.00679699
1.49802 0.00677641
1.49724 0.00672005
1.49683 0.00663311
1.49669 0.00653785
1.49788 0.00655251
1.4981 0.00646349
1.49885 0.00641741
1.4995 0.00636199
1.49894 0.00630033
1.49781 0.00631813
1.49681 0.00631499
1.49733 0.00625451
1.49811 0.00622334
1.49696 0.00625117
1.496 0.00624701
1.49585 0.00617115
1.49653 0.0061332
1.49699 0.00607625
1.49684 0.00600536
1.4975 0.00597085
1.49707 0.00591696
1.4976 0.00587254
1.49709 0.00582778
1.49681 0.00576836
1.49762 0.0057607
1.4967 0.00577122
1.49625 0.00572584
1.49594 0.00567232
1.49649 0.00563858
1.49622 0.00558531
1.49622 0.00552682
1.49633 0.00547059
1.4968 0.00543483
1.49696 0.00538218
1.4973 0.00533894
1.49771 0.0053014
1.49785 0.00525095
1.4976 0.00520579
1.49866 0.00526308
1.49878 0.00521424
1.49919 0.00518129
1.49889 0.0051414
1.49869 0.00509746
1.49855 0.00505256
1.49853 0.00500645
1.4995 0.00505402
1.49942 0.00500931
1.49943 0.00496481
1.49947 0.00492117
1.50004 0.00491152
1.4999 0.00487086
1.5002 0.00483805
1.50071 0.00482452
1.5011 0.00479937
1.50165 0.00479102
1.50145 0.00475562
1.50093 0.00474488
1.50151 0.00474228
1.50153 0.00470392
1.50138 0.0046686
1.50165 0.00463914
1.50229 0.00464642
1.50209 0.00461432
1.50238 0.00458758
1.50182 0.00458547
1.50184 0.00455035
1.50087 0.00461711
1.50068 0.00458642
1.50018 0.00457918
1.50073 0.00457876
1.50098 0.00455141
1.50093 0.0045183
1.50101 0.00448619
1.50138 0.00446926
1.50103 0.00445103
1.50016 0.00450531
1.49978 0.00448935
1.49984 0.0044582
1.499 0.00450545
1.49909 0.00447527
1.49864 0.00446768
1.4984 0.00444381
1.49785 0.00444729
1.49788 0.00441743
1.49715 0.00444858
1.49668 0.00444397
1.49646 0.00441991
1.49674 0.0043999
1.49633 0.00439065
1.4966 0.00437026
1.49657 0.00434226
1.49628 0.00432377
1.49642 0.00429837
1.49683 0.00429089
1.49689 0.00426448
1.4963 0.00427868
1.496 0.00426318
1.49626 0.00424501
1.49658 0.00423117
1.49688 0.00421637
1.49673 0.00419351
1.49628 0.00419332
1.49665 0.00418492
1.4969 0.00416746
1.49685 0.00414317
1.49684 0.00411888
1.49679 0.00409511
1.4967 0.0040724
1.4972 0.00407971
1.49678 0.00407799
1.49645 0.00406802
1.49657 0.00404677
1.49675 0.00402767
1.49695 0.00401032
1.49691 0.0039882
1.49729 0.00398416
1.49704 0.00396999
1.49713 0.00394932
1.49708 0.00392814
1.49743 0.00392298
1.49835 0.00400802
1.49744 0.00408897
1.49783 0.0040861
1.49782 0.00406444
1.49784 0.00404303
1.49786 0.00402185
1.49763 0.00400743
1.49814 0.00401968
1.49761 0.00403418
1.4976 0.00401345
1.49755 0.00399324
1.49774 0.00397747
1.49765 0.00395849
1.49736 0.00394937
1.49715 0.0039348
