0.99971 0
1.00014 0.000427771
1.00009 0.000252254
1.00024 0.000237328
1.00027 0.000185326
1.00014 0.000194535
1.00008 0.000176758
0.999967 0.000189699
0.999984 0.000168075
0.999975 0.000150555
1.00007 0.000166691
1.00006 0.000152901
1.0001 0.000146287
1.00013 0.000138893
1.00015 0.000130607
1.00012 0.000125953
1.00005 0.000133334
1.00007 0.000126739
1.00006 0.000120311
1.00009 0.000117539
1.00009 0.000111871
1.00009 0.000106682
1.00007 0.000103652
1.00003 0.000105991
1.00001 0.000105674
0.999991 0.000102455
0.999998 9.87834e-05
0.999967 9.98736e-05
0.999968 9.6372e-05
0.999957 9.37506e-05
0.999962 9.08202e-05
0.999959 8.80083e-05
0.999933 8.90829e-05
0.999924 8.68818e-05
0.999927 8.44284e-05
0.999922 8.22516e-05
0.999913 8.04887e-05
0.999899 7.95271e-05
0.999913 7.86958e-05
0.999906 7.70092e-05
0.999895 7.59448e-05
0.999876 7.65901e-05
0.999879 7.48832e-05
0.999871 7.35879e-05
0.999889 7.39486e-05
0.999904 7.40345e-05
0.99991 7.26776e-05
0.999924 7.24734e-05
0.99994 7.26344e-05
0.99994 7.11672e-05
0.999948 7.02772e-05
0.999932 7.08757e-05
0.99993 6.95469e-05
0.999936 6.85468e-05
0.99993 6.75653e-05
0.999937 6.66714e-05
0.999944 6.58501e-05
0.999948 6.4835e-05
0.999958 6.46056e-05
0.999957 6.353e-05
0.999954 6.25627e-05
0.99995 6.17011e-05
0.999955 6.09111e-05
0.999972 6.23995e-05
0.99997 6.14682e-05
0.999961 6.10945e-05
0.999968 6.05016e-05
0.999965 5.9683e-05
0.99997 5.90168e-05
0.999969 5.81704e-05
0.999958 5.83832e-05
0.999961 5.76303e-05
0.999953 5.74368e-05
0.99995 5.67248e-05
0.999935 5.77557e-05
0.99994 5.71742e-05
0.999948 5.69609e-05
0.999954 5.65193e-05
0.999953 5.57999e-05
0.999964 5.60928e-05
0.999959 5.55972e-05
0.999963 5.50917e-05
0.999973 5.5199e-05
0.999978 5.48058e-05
0.999971 5.45942e-05
0.999968 5.407e-05
0.999956 5.4796e-05
0.999957 5.41963e-05
0.99997 5.50665e-05
0.999968 5.44806e-05
0.999968 5.38789e-05
0.999968 5.3291e-05
0.999977 5.34178e-05
0.999976 5.28594e-05
0.999978 5.23789e-05
0.99998 5.18446e-05
0.999985 5.15787e-05
0.999983 5.10758e-05
0.999985 5.05848e-05
0.999983 5.01017e-05
