0.99999 0
1.00002 3.30654e-05
1.00002 2.05333e-05
1.00001 1.48816e-05
1.00001 1.20691e-05
1.00001 1.05835e-05
1 8.99621e-06
0.999996 1.12127e-05
0.999986 1.42402e-05
0.999996 1.60754e-05
1 1.66427e-05
1 1.52451e-05
0.999999 1.45023e-05
1 1.34728e-05
1.00001 1.37923e-05
1.00001 1.29029e-05
1.00001 1.21303e-05
1.00001 1.17289e-05
1.00001 1.11445e-05
1.00001 1.05778e-05
1 1.07535e-05
1 1.02898e-05
1.00001 9.97178e-06
1 9.77505e-06
1 9.41501e-06
1 9.07931e-06
1 8.74323e-06
1 8.45834e-06
1 8.16831e-06
1 7.91878e-06
1 7.83263e-06
1 7.5859e-06
1 7.3716e-06
1 7.25127e-06
1 7.29724e-06
1 7.5148e-06
1 7.32723e-06
1 7.18342e-06
1 7.00258e-06
1 6.8487e-06
0.999999 6.70839e-06
0.999999 6.54682e-06
0.999997 6.69145e-06
0.999999 6.69127e-06
0.999998 6.5778e-06
0.999999 6.5198e-06
0.999998 6.47069e-06
0.999998 6.34863e-06
0.999999 6.45528e-06
0.999999 6.32539e-06
0.999999 6.25112e-06
0.999998 6.18935e-06
0.999998 6.08502e-06
0.999998 5.97325e-06
0.999998 5.90114e-06
0.999997 5.80387e-06
0.999998 5.7025e-06
0.999998 5.60333e-06
0.999998 5.51217e-06
0.999999 5.51969e-06
1 5.624e-06
1 5.59441e-06
1 5.54053e-06
1 5.58033e-06
1 5.49521e-06
1 5.44321e-06
1 5.51818e-06
1 5.47813e-06
1 5.44137e-06
1 5.41146e-06
1 5.47022e-06
1 5.3964e-06
1 5.335e-06
1 5.27222e-06
1 5.20291e-06
1 5.1495e-06
1 5.09563e-06
0.999999 5.09119e-06
0.999999 5.03119e-06
0.999999 4.97463e-06
0.999999 4.91447e-06
0.999999 4.90435e-06
0.999998 4.85815e-06
0.999999 4.81648e-06
1 4.87615e-06
0.999999 4.82639e-06
1 4.80198e-06
1 4.76765e-06
1 4.72026e-06
0.999999 4.69352e-06
0.999999 4.64306e-06
0.999998 4.74913e-06
0.999998 4.69781e-06
0.999998 4.65895e-06
0.999998 4.61123e-06
0.999999 4.64476e-06
0.999999 4.60317e-06
0.999999 4.55817e-06
0.999999 4.51613e-06
0.999999 4.47784e-06
