1 0
1.4141 0.000401743
1.73203 0.000409479
2.00005 0.000397588
2.23608 0.000432305
2.44956 0.000382631
2.6458 0.000395349
2.82844 0.000411052
3.00007 0.000385296
3.16227 0.000355232
3.3166 0.000353964
3.46412 0.000359572
3.60556 0.000379495
3.74157 0.000355023
3.87287 0.000361158
3.99986 0.00038312
4.1229 0.000368986
4.24241 0.000373689
4.35876 0.000354976
4.47208 0.000388968
4.58251 0.00041431
4.69031 0.000427462
4.79565 0.000418814
4.89878 0.000413479
4.9997 0.000427702
5.09862 0.000412245
5.19575 0.000392206
5.29112 0.000398468
5.38477 0.000400133
5.47677 0.000406138
5.5673 0.000400508
5.65636 0.000405534
5.74403 0.000420214
5.83044 0.000419268
5.91554 0.000421796
5.99952 0.000422646
6.08227 0.0004102
6.16398 0.000415434
6.24456 0.000426207
6.32403 0.000430441
6.40266 0.000437039
6.48032 0.000433575
6.55699 0.00042239
6.63288 0.000413784
6.70781 0.000416808
6.78187 0.000416252
6.85518 0.000421609
6.92784 0.000428337
6.99965 0.000420862
7.07066 0.000416505
7.14096 0.000407757
7.21063 0.000409534
7.27961 0.000411107
7.34798 0.000405481
7.41573 0.000396985
7.4828 0.000395323
7.5493 0.000404059
7.6152 0.000408009
7.68052 0.000401921
7.74533 0.000401715
7.80956 0.000406622
7.87335 0.000411611
7.93651 0.000416682
7.99921 0.000407084
8.06155 0.000405041
8.12337 0.000407605
8.18464 0.000418317
8.24551 0.000424393
8.30599 0.00042355
8.36594 0.00041135
8.42541 0.000413193
8.48464 0.000406674
8.54327 0.000397905
8.60158 0.000390398
8.65956 0.000387317
8.717 0.000385964
8.77427 0.000401875
8.83112 0.00040513
8.88753 0.000412519
8.94358 0.000424664
8.99922 0.000420064
9.05466 0.000421917
9.10974 0.000415366
9.16452 0.000421995
9.21898 0.000418815
9.27306 0.000418964
9.32671 0.000410936
9.38023 0.000399968
9.43337 0.000393693
9.48635 0.000395154
9.53891 0.000392274
9.5911 0.00039269
9.64316 0.000388186
9.69486 0.000383345
9.74636 0.000394653
9.79749 0.00038758
9.84843 0.00038643
9.8991 0.000391741
9.94946 0.000383215
9.99953 0.0003856
