1 0
1.41424 0.000451722
1.73205 0.000399157
1.9999 0.000421888
2.23596 0.000436639
2.44934 0.000451729
2.64561 0.000444639
2.82824 0.000408467
2.9998 0.000407508
3.16202 0.000420598
3.31635 0.000413854
3.46385 0.000435923
3.60526 0.000432443
3.74136 0.0004359
3.87268 0.000439362
3.99973 0.000443141
4.12295 0.000441456
4.24248 0.000443995
4.35872 0.000444899
4.47207 0.000443143
4.5825 0.000449251
4.69029 0.000444875
4.79568 0.000468918
4.89877 0.000457293
4.99979 0.000442813
5.09877 0.000448082
5.19582 0.000438458
5.29119 0.000430707
5.38488 0.000428751
5.47701 0.000427818
5.56754 0.000454215
5.65667 0.000448126
5.74441 0.000422763
5.8307 0.00041083
5.91578 0.000392946
5.99972 0.000411617
6.0824 0.000400488
6.164 0.000401355
6.24466 0.000404618
6.32409 0.000411412
6.40275 0.00041309
6.48042 0.000418825
6.55706 0.00040699
6.63289 0.000399094
6.70775 0.000407451
6.78184 0.000401858
6.85511 0.000397486
6.92773 0.000393294
6.99949 0.000395767
7.07058 0.000385236
7.14096 0.000390936
7.21073 0.000395034
7.27975 0.000384104
7.34818 0.000388038
7.4159 0.000394709
7.4831 0.000407383
7.5496 0.000393145
7.61551 0.00040317
7.68086 0.000413611
7.74569 0.000404939
7.80995 0.000404226
7.87366 0.000400913
7.93691 0.000402643
7.99974 0.00040344
8.06198 0.000393953
8.12371 0.00040288
8.18501 0.000399923
8.24588 0.000402763
8.30627 0.000393566
8.36618 0.000381235
8.42575 0.000382203
8.48485 0.00037213
8.54361 0.000370774
8.60196 0.000385142
8.65992 0.000391052
8.71742 0.000386061
8.77454 0.000389398
8.83133 0.000392225
8.88784 0.000393562
8.94384 0.000387876
8.99958 0.00039209
9.05492 0.000389035
9.11002 0.00039109
9.16465 0.000391587
9.21902 0.000391819
9.27303 0.000385502
9.32676 0.00036633
9.38016 0.000366379
9.43334 0.000365281
9.48623 0.000368025
9.53882 0.000374737
9.59107 0.000383152
9.64301 0.00038395
9.6946 0.000385111
9.74596 0.000387808
9.79719 0.000388218
9.84807 0.000387367
9.89866 0.000390123
9.949 0.000388319
9.99911 0.000389128
