6.48324 0
5.86595 0.617286
5.542 0.481619
5.39716 0.370077
5.35821 0.289294
5.33393 0.237452
5.28062 0.207644
5.25188 0.182107
5.22939 0.162171
5.21382 0.145883
5.1917 0.133798
5.19411 0.122164
5.16456 0.116197
5.14216 0.109885
5.13965 0.102328
5.14574 0.0959121
5.13182 0.0911622
5.11633 0.087334
5.11475 0.0826248
5.10388 0.0791347
5.1028 0.0752798
5.10165 0.0717856
5.09689 0.0687587
5.09211 0.0660047
5.09091 0.0633208
5.08374 0.0612579
5.07981 0.0590764
5.06914 0.0579181
5.06102 0.0564723
5.0619 0.0545645
5.05854 0.0528822
5.05831 0.0512035
5.05538 0.049714
5.04703 0.0489477
5.04797 0.047538
5.04432 0.0463425
5.03642 0.0457603
5.03806 0.0445698
5.03644 0.0434423
5.03731 0.0423514
5.03866 0.0413273
5.03849 0.0403317
5.0377 0.0393906
5.03799 0.0384861
5.03308 0.0379408
5.02739 0.0375402
5.02488 0.0368187
5.02383 0.0360589
5.02255 0.0353384
5.02107 0.0346562
5.0267 0.0344333
5.03076 0.0340089
5.02788 0.0334859
5.0286 0.032868
5.02774 0.0322766
5.02811 0.0316972
5.02723 0.0311486
5.03026 0.0307565
5.0271 0.0303956
5.02596 0.0299063
5.02644 0.0294158
5.02475 0.0289866
5.02788 0.028693
5.02814 0.0282424
5.02902 0.0278182
5.03179 0.0275334
5.03208 0.0271208
5.0342 0.0268033
5.0309 0.0266171
5.0331 0.0263263
5.03322 0.0259531
5.03294 0.0255916
5.03118 0.0252998
5.03067 0.0249609
5.03107 0.0246291
5.03016 0.0243199
5.02961 0.0240083
5.03341 0.0240013
5.03256 0.0237107
5.02965 0.023592
5.02977 0.0232992
5.02975 0.0230134
5.02989 0.0227348
5.03084 0.0224828
5.03117 0.0222193
5.02973 0.022007
5.03132 0.021811
5.02794 0.0218264
5.02552 0.0217142
5.02801 0.0216147
5.02797 0.0213759
5.027 0.0211644
5.02583 0.0209686
5.02528 0.0207515
5.02619 0.0205519
5.02741 0.0203733
5.02882 0.0202118
5.02982 0.0200294
5.02764 0.0199461
5.02751 0.019746
5.0271 0.0195538
5.02753 0.0193659
5.02634 0.0192141
5.02688 0.0190361
5.02755 0.0188658
5.0277 0.0186876
5.02753 0.0185129
5.02429 0.0186246
5.02291 0.0185046
5.02275 0.0183363
5.02606 0.0184693
5.02509 0.018329
5.02431 0.0181831
5.02277 0.018088
5.02413 0.0179815
5.02272 0.0178815
5.0219 0.0177471
5.02096 0.0176212
5.02397 0.0177302
5.0245 0.0175897
5.02374 0.0174603
5.02421 0.0173229
5.02582 0.0172566
5.02675 0.017142
5.02554 0.0170472
5.02458 0.0169382
5.0238 0.0168225
5.02409 0.0166931
5.02363 0.0165696
5.021 0.01665
5.0202 0.0165421
5.01704 0.0167165
5.01651 0.0165988
5.01551 0.0165048
5.01627 0.0163998
5.01642 0.0162794
5.01602 0.0161652
5.0151 0.0160741
5.01541 0.0159611
5.01434 0.0158828
5.01361 0.0157864
5.01373 0.0156752
5.01258 0.0156073
5.01172 0.0155225
5.01049 0.0154642
5.01015 0.0153617
5.00942 0.0152742
5.00722 0.0153288
5.00713 0.0152258
5.00421 0.0154033
5.00197 0.0154641
5.00088 0.0154004
5.00075 0.0153
4.99952 0.0152497
4.99958 0.0151511
4.99922 0.0150579
5.00027 0.0149985
5.00127 0.0149372
5.00186 0.0148546
5.00028 0.0148464
4.99936 0.0147821
4.99887 0.0146989
5.00127 0.0148042
5.00099 0.0147162
5.00182 0.0146506
5.00202 0.0145634
5.00053 0.0145526
5.00118 0.0144802
5.00077 0.0144
5.00006 0.0143325
5.00076 0.0142657
4.99979 0.014216
4.99886 0.0141643
4.99902 0.0140836
4.99956 0.0140132
4.99757 0.0140738
4.9973 0.0139966
4.99773 0.0139243
4.9981 0.0138514
4.99765 0.0137818
4.99789 0.0137076
4.9974 0.0136409
4.99665 0.0135869
4.99638 0.0135155
4.99763 0.0134995
4.99842 0.0134504
4.99735 0.0134214
4.99727 0.0133501
4.99811 0.0133058
4.99858 0.0132443
4.99855 0.0131748
4.9977 0.0131339
4.99819 0.0130749
4.99713 0.0130506
4.99621 0.0130156
4.99651 0.0129525
4.99679 0.0128896
4.99628 0.0128347
4.99629 0.01277
4.99657 0.0127091
