31.6544
31.6544
30.1979
30.0825
27.8338
27.3679
24.6459
24.5119
24.5119
23.8397
23.2913
22.6421
20.8721
20.8721
20.4967
20.2877
19.9522
18.0235
18.0235
18.0235
17.5404
17.5404
17.3465
17.0911
17.0911
17.0879
16.9824
16.1568
16.048
15.6755
15.4481
15.3394
15.3394
15.2654
14.9774
14.9046
14.1988
13.7538
13.7538
12.9666
12.9666
12.8327
12.7769
12.1014
12.1014
12.1014
12.1014
12.0286
11.7653
11.5071
11.0512
10.8181
10.4568
10.4568
10.4568
10.4568
10.4568
10.4568
10.4439
9.22578
9.22578
9.22578
9.20611
9.20611
9.20611
9.17255
9.17207
9.17207
9.03533
8.60729
8.58762
8.36184
8.28688
8.28688
8.02512
7.80997
7.80997
7.48041
7.48041
7.44636
7.44636
7.36327
7.36327
7.36327
7.36327
7.36327
7.36327
6.96927
6.78568
6.76579
6.76579
6.6425
6.6425
6.56614
6.56614
6.56614
6.56614
6.38923
6.38923
6.38923
6.36383
6.36383
6.36383
6.36383
6.36383
6.36383
6.36383
6.36383
6.34394
6.34394
6.34394
6.34394
6.34394
6.34394
6.34394
6.34394
6.34394
6.34394
6.34394
6.34394
6.24306
6.24306
6.24306
6.24306
6.24306
6.24306
6.24306
6.24306
6.24306
6.24306
6.24306
6.24306
6.24306
6.24306
6.24306
6.24306
6.24306
6.24306
6.24306
6.24306
6.24306
6.24306
6.24306
6.24306
6.24306
6.24306
6.24306
6.24306
6.24306
6.24306
6.24306
6.24306
6.24306
6.24306
6.24306
6.24306
6.24306
6.24306
6.24306
6.24306
6.24306
6.24306
6.24306
6.24306
6.24306
6.24306
6.24306
6.24306
6.24306
6.24306
6.24306
6.24306
6.24306
6.24306
6.24306
6.24306
6.24306
6.24306
6.24306
6.24306
6.24306
6.24306
6.24306
6.24306
6.24306
6.24306
6.24306
6.24306
6.24306
6.24306
6.24306
6.24306
6.24306
6.24306
6.24306
6.24306
6.24306
6.24306
6.24306
6.24306
6.24306
6.24306
6.24306
6.24306
6.24306
6.24306
6.24306
6.24306
6.24306
6.24306
6.24306
6.24306
6.24306
6.24306
6.24306
6.24306
6.24306
6.24306
6.24306
6.24306
6.24306
6.24306
6.24306
6.24306
6.24306
6.24306
6.24306
6.24306
6.24306
6.24306
6.24306
6.24306
6.24306
6.24306
6.24306
6.24306
6.24306
6.24306
6.24306
6.24306
6.24306
6.24306
6.24306
6.24306
6.24306
6.24306
6.24306
6.24306
6.24306
6.24306
6.24306
6.24306
6.24306
6.24306
6.24306
6.24306
6.24306
6.24306
6.24306
6.24306
6.24306
6.24306
6.24306
6.24306
6.24306
6.24306
6.24306
6.24306
6.24306
6.24306
6.24306
6.24306
6.24306
6.24306
6.24306
6.24306
6.24306
6.24306
6.24306
6.24306
6.24306
6.24306
6.24306
6.24306
6.24306
6.24306
6.24306
6.24306
6.24306
6.24306
6.24306
6.24306
6.24306
6.24306
6.24306
6.24306
6.24306
6.24306
6.24306
6.24306
