15.3714
13.6643
13.3522
12.8946
12.7926
11.6376
10.978
10.7711
10.7545
10.3796
9.91444
9.91444
9.33191
9.1082
9.08572
9.08089
8.81485
8.81485
8.75686
8.75686
8.75686
8.62313
8.26609
8.26609
8.26609
8.26609
8.26609
8.26609
8.19212
7.74267
7.74267
7.584
7.584
7.25157
7.25157
7.25157
7.24585
7.24585
7.24585
7.04787
7.04787
7.04787
6.55051
6.55051
6.5498
6.53533
6.53533
6.53533
6.53533
6.39542
6.16427
6.16427
6.16427
6.16427
6.12743
6.12743
6.12743
6.00309
6.00309
6.00309
6.00309
6.00309
6.00309
5.83182
5.83182
5.83182
5.83182
5.83182
5.79366
5.79366
5.77592
5.61949
5.61949
5.61949
5.51292
5.50268
5.50268
5.41235
5.30578
5.30578
5.27825
5.27825
5.26229
5.26229
5.26229
5.26229
5.26229
5.24455
5.24455
5.2134
5.19566
5.19566
5.15904
5.1413
5.1413
5.1413
5.1413
5.1413
5.13309
5.13309
5.13309
5.13309
5.13309
5.13309
5.13309
5.13309
5.1153
5.1153
5.1153
5.1153
5.06457
5.06457
5.06457
5.06457
5.06457
5.06457
5.06457
5.06457
5.06457
5.06457
5.06457
5.06457
5.06457
5.06457
5.06457
5.06457
5.06457
5.06457
5.06457
5.06457
5.06457
5.06457
5.06457
5.06457
5.06457
5.06457
5.06457
5.06457
5.06457
5.06457
5.06457
5.06457
5.06457
5.06457
5.06457
5.06457
5.06457
5.06457
5.06457
5.06457
5.06457
5.06457
5.06457
5.06457
5.06457
5.06457
5.06457
5.06457
5.06457
5.06457
5.06457
5.06457
5.06457
5.06457
5.06457
5.06457
5.06457
5.06457
4.98426
4.98426
4.98426
4.98426
4.98426
4.98426
4.98426
4.98426
4.98426
4.98426
4.98426
4.98426
4.98426
4.98426
4.98426
4.98426
4.98426
4.98426
4.98426
4.98426
4.98426
4.98426
4.98426
4.98426
4.98426
4.98426
4.98426
4.98426
4.98426
4.98426
4.98426
4.98426
4.98426
4.98426
4.98426
4.98426
4.98426
4.98426
4.98426
4.98426
4.98426
4.98426
4.98426
4.98426
4.98426
4.98426
4.98426
4.98426
4.98426
4.98426
4.98426
4.98426
4.98426
4.98426
4.98426
4.98426
4.98426
4.98426
4.98426
4.98426
4.98426
4.98426
4.98426
4.98426
4.98426
4.98426
4.98426
4.98426
4.98426
4.98426
4.98426
4.98426
4.98426
4.98426
4.98426
4.98426
4.98426
4.98426
4.98426
4.98426
4.98426
4.98426
4.98426
4.98426
4.98426
4.98426
4.98426
4.98426
4.98426
4.98426
4.98426
4.98426
4.98426
4.98426
4.98426
4.98426
4.98426
4.98426
4.98426
4.98426
4.98426
4.98426
4.98426
4.98426
4.98426
4.98426
4.98426
4.98426
4.98426
4.98426
4.98426
4.98426
4.98426
4.98426
4.98426
4.98426
4.98426
4.98426
4.98426
4.98426
4.98426
4.98426
4.98426
4.98426
4.98426
4.98426
4.98426
4.98426
4.98426
4.98426
4.98426
4.98426
