17.5546
16.6018
15.7278
15.0528
14.3832
13.9424
13.5557
12.8833
12.4159
11.9882
11.7206
11.1609
10.7873
10.3667
10.0954
9.91657
9.68519
9.60627
9.64309
9.57918
9.49482
9.21978
9.23898
9.23822
9.18383
9.05465
8.9688
8.86389
8.66037
8.54795
8.48424
8.3731
8.31148
8.24242
8.18479
8.21871
8.1357
7.8977
7.72714
7.65743
7.61923
7.5969
7.57715
7.3276
7.32473
7.15433
7.19671
7.16519
7.08062
7.07868
6.96198
6.9247
6.86498
6.7535
6.62901
6.71703
6.60591
6.60141
6.55255
6.55614
6.66962
6.76757
6.79336
6.68243
6.48162
6.47349
6.25658
6.32688
6.19228
6.20081
6.10143
6.15447
5.94733
5.88713
6.0199
6.11793
6.11498
6.06054
6.19305
5.96495
5.91768
5.80926
5.86569
5.76094
5.72611
5.78389
5.72916
5.67643
5.69757
5.50504
5.48631
5.54264
5.50257
5.59657
5.61013
5.48316
5.47114
5.45403
5.4518
5.49254
5.42607
5.48108
5.47233
5.48111
5.38972
5.38761
5.37687
5.45836
5.48816
5.4835
5.36383
5.41333
5.43334
5.44172
5.41812
5.38644
5.42855
5.54088
5.53158
5.58699
5.49991
5.4583
5.51771
5.43484
5.56625
5.34881
5.39597
5.38288
5.36912
5.3819
5.4791
5.4308
5.44995
5.45796
5.43302
5.33743
5.38667
5.34674
5.36885
5.34058
5.2514
5.35847
5.34544
5.37815
5.41874
5.4463
5.54424
5.59834
5.47974
5.44875
5.65267
5.61145
5.59905
5.65491
5.36729
5.30494
5.25994
5.48184
5.378
5.34833
5.37102
5.41316
5.42802
5.62584
5.53447
5.51073
5.4273
5.38406
5.36262
5.32756
5.3206
5.23335
5.19974
5.25515
5.25826
5.27286
5.31001
5.29498
5.27531
5.31931
5.37562
5.30581
5.36883
5.40219
5.42377
5.48453
5.47148
5.30511
5.42379
5.38324
5.35169
5.41723
5.25796
5.36723
5.30846
5.3822
5.3775
5.4213
5.33706
5.37292
5.41677
5.44165
5.50046
5.21331
5.18892
5.35043
5.44391
5.44929
5.36779
5.22264
5.18479
5.21657
5.28993
5.33465
5.30336
5.24844
5.31627
5.28505
5.40775
5.32538
5.26862
5.13033
5.17088
5.12021
5.20021
5.08286
5.27996
5.23968
5.1869
5.28929
5.34739
5.11629
5.27842
5.25626
5.19273
5.27549
5.23942
5.35985
5.41439
5.31663
5.44336
5.27257
5.30657
5.26295
5.33818
5.29436
5.30264
5.30827
5.23869
5.2939
5.33121
5.19851
5.15208
5.21809
5.30023
5.35871
5.27125
5.30358
5.35019
5.28844
5.32434
5.24902
5.14246
5.17146
5.22805
5.21433
5.22576
5.25099
5.32588
5.47366
5.4706
5.39077
5.3656
5.33781
5.30581
5.44815
5.39527
5.4054
5.29854
5.279
5.35549
5.3254
5.31888
5.47536
5.56908
5.45584
5.494
5.50583
5.37266
5.32548
5.27805
5.32079
5.23899
5.22782
5.20972
5.30677
5.33436
5.27766
5.19597
5.28237
