39.8286
38.4534
36.1991
34.5193
33.2556
32.1956
30.7625
29.3582
28.1801
27.5042
26.8024
25.7767
25.1734
24.4078
23.4644
23.0016
22.2306
21.7625
21.3827
20.7048
20.2379
19.3522
19.0117
18.9912
18.9083
18.949
18.844
18.7247
18.5724
18.0082
17.7061
17.4314
17.1107
16.8497
16.6051
16.7673
16.405
16.0955
15.4722
15.0907
14.9204
14.6616
14.4138
13.7954
14.0988
13.6296
13.508
13.2945
12.7595
12.5319
12.387
12.3102
12.417
12.0982
11.7326
12.0725
11.8978
12.0278
11.5044
11.6417
11.7202
11.818
11.9628
11.6436
10.9133
10.7993
10.1444
10.1328
9.94225
9.9474
9.73639
9.63275
9.21115
9.08846
9.42404
9.45642
9.11393
8.94892
9.17485
8.62552
8.43236
8.22195
8.24923
8.18669
8.16707
8.47195
8.33107
8.01933
7.98807
7.5149
7.5766
7.57981
7.7352
8.17827
8.03124
7.63239
7.49537
7.27382
7.18168
7.46206
7.26728
7.32355
7.33726
7.26493
6.91953
6.85925
6.88039
7.08824
7.2527
7.39279
7.10028
7.1548
7.23572
7.49926
7.25783
7.07485
7.03102
7.32917
7.31719
7.59635
7.31135
7.18723
7.17319
6.98992
7.19254
6.77732
6.98711
7.13098
6.98821
7.10193
7.27793
7.01615
7.19324
7.1422
7.11962
6.82505
7.03917
6.99346
6.95796
6.9047
6.60914
6.97126
6.88571
6.89753
6.96075
7.045
7.30265
7.54985
7.67672
7.76203
8.17783
7.95372
7.82971
7.98666
7.17812
7.09485
6.9687
7.66631
7.34627
7.0915
7.22839
7.22342
7.21833
7.58211
7.38032
7.50994
7.21427
7.20707
7.10452
6.81032
6.94424
6.79769
6.69692
6.83218
6.75181
6.9586
7.0974
7.07647
6.93571
7.0161
7.24988
6.95967
6.97904
6.98138
7.08849
7.23101
7.25626
6.87176
7.12894
7.16622
6.94026
7.17266
6.70791
7.02817
6.91684
7.34639
7.33346
7.53766
7.21236
7.05217
7.25538
7.36346
7.67879
6.75374
6.69327
7.16282
7.31877
7.37059
7.1928
6.84175
6.81562
6.91437
6.91475
7.13345
6.9295
6.83783
7.02379
6.98225
7.28606
7.17227
6.84386
6.49243
6.60663
6.52095
6.57526
6.40483
6.93817
6.80736
6.69914
6.87677
7.00428
6.43853
7.16509
7.22594
7.07569
7.24935
6.96331
7.38497
7.46814
7.13753
7.49179
7.13863
7.26954
7.05389
7.33099
7.16591
7.11572
7.24858
7.06961
7.33649
7.12842
6.81448
6.71984
6.92832
6.9472
7.16214
6.87622
6.95499
7.09058
6.86873
6.90709
6.81388
6.55636
6.63171
6.79819
6.70856
6.82108
6.82875
7.09493
7.43348
7.43321
7.33931
7.36627
7.42482
7.34158
7.66254
7.40061
7.20212
6.87228
6.7181
6.88876
6.98197
6.83383
7.29319
7.50636
7.23832
7.50542
7.483
7.23475
7.00479
6.85702
7.07974
6.93829
6.97389
6.84899
7.06203
7.21978
7.04348
6.95768
7.15818
