#         BLOCK:      ACTUAL_PE:         PE_AVE:          ERROR:
               1    1.200000e+00    1.200000e+00    0.000000e+00
               2    1.200000e+00    1.200000e+00    0.000000e+00
               3    1.200000e+00    1.200000e+00    0.000000e+00
               4    1.200000e+00    1.200000e+00    0.000000e+00
               5    1.200000e+00    1.200000e+00    0.000000e+00
               6    1.200000e+00    1.200000e+00    8.603189e-09
               7    1.200000e+00    1.200000e+00    7.965006e-09
               8    1.200000e+00    1.200000e+00    7.450581e-09
               9    1.200000e+00    1.200000e+00    7.024475e-09
              10    1.200000e+00    1.200000e+00    6.664002e-09
              11    1.200000e+00    1.200000e+00    6.353876e-09
              12    1.200000e+00    1.200000e+00    6.083374e-09
              13    1.200000e+00    1.200000e+00    5.844716e-09
              14    1.200000e+00    1.200000e+00    5.632110e-09
              15    1.200000e+00    1.200000e+00    0.000000e+00
              16    1.200000e+00    1.200000e+00    0.000000e+00
              17    1.200000e+00    1.200000e+00    0.000000e+00
              18    1.200000e+00    1.200000e+00    4.967054e-09
              19    1.200000e+00    1.200000e+00    4.834575e-09
              20    1.200000e+00    1.200000e+00    4.712161e-09
              21    1.200000e+00    1.200000e+00    4.598598e-09
              22    1.200000e+00    1.200000e+00    7.103850e-09
              23    1.200000e+00    1.200000e+00    6.947702e-09
              24    1.200000e+00    1.200000e+00    6.801418e-09
              25    1.200000e+00    1.200000e+00    7.300048e-09
              26    1.200000e+00    1.200000e+00    7.158286e-09
              27    1.200000e+00    1.200000e+00    7.587300e-09
              28    1.200000e+00    1.200000e+00    5.632110e-09
              29    1.200000e+00    1.200000e+00    6.187370e-09
              30    1.200000e+00    1.200000e+00    6.083374e-09
              31    1.200000e+00    1.200000e+00    5.352655e-09
              32    1.200000e+00    1.200000e+00    5.268356e-09
              33    1.200000e+00    1.200000e+00    5.187918e-09
              34    1.200000e+00    1.200000e+00    4.426304e-09
              35    1.200000e+00    1.200000e+00    4.362613e-09
              36    1.200000e+00    1.200000e+00    4.301595e-09
              37    1.200000e+00    1.200000e+00    4.243067e-09
              38    1.200000e+00    1.200000e+00    2.417288e-09
              39    1.200000e+00    1.200000e+00    2.386095e-09
              40    1.200000e+00    1.200000e+00    2.356080e-09
              41    1.200000e+00    1.200000e+00    2.327170e-09
              42    1.200000e+00    1.200000e+00    3.251700e-09
              43    1.200000e+00    1.200000e+00    0.000000e+00
              44    1.200000e+00    1.200000e+00    0.000000e+00
              45    1.200000e+00    1.200000e+00    0.000000e+00
              46    1.200000e+00    1.200000e+00    0.000000e+00
              47    1.200000e+00    1.200000e+00    2.173558e-09
              48    1.200000e+00    1.200000e+00    2.150797e-09
              49    1.200000e+00    1.200000e+00    3.010489e-09
              50    1.200000e+00    1.200000e+00    4.712161e-09
              51    1.200000e+00    1.200000e+00    5.111056e-09
              52    1.200000e+00    1.200000e+00    5.061673e-09
              53    1.200000e+00    1.200000e+00    5.013694e-09
              54    1.200000e+00    1.200000e+00    5.365031e-09
              55    1.200000e+00    1.200000e+00    5.316034e-09
              56    1.200000e+00    1.200000e+00    5.632110e-09
              57    1.200000e+00    1.200000e+00    5.582486e-09
              58    1.200000e+00    1.200000e+00    5.534152e-09
              59    1.200000e+00    1.200000e+00    6.434139e-09
              60    1.200000e+00    1.200000e+00    6.380296e-09
              61    1.200000e+00    1.200000e+00    6.327782e-09
              62    1.200000e+00    1.200000e+00    6.276544e-09
              63    1.200000e+00    1.200000e+00    6.503400e-09
              64    1.200000e+00    1.200000e+00    6.452392e-09
              65    1.200000e+00    1.200000e+00    6.402566e-09
              66    1.200000e+00    1.200000e+00    6.613324e-09
              67    1.200000e+00    1.200000e+00    6.563786e-09
              68    1.200000e+00    1.200000e+00    6.515344e-09
              69    1.200000e+00    1.200000e+00    6.467959e-09
              70    1.200000e+00    1.200000e+00    6.421593e-09
              71    1.200000e+00    1.200000e+00    6.616906e-09
              72    1.200000e+00    1.200000e+00    7.024475e-09
              73    1.200000e+00    1.200000e+00    6.976196e-09
              74    1.200000e+00    1.200000e+00    6.928899e-09
              75    1.200000e+00    1.200000e+00    6.882552e-09
              76    1.200000e+00    1.200000e+00    7.047544e-09
              77    1.200000e+00    1.200000e+00    7.001631e-09
              78    1.200000e+00    1.200000e+00    6.956604e-09
              79    1.200000e+00    1.200000e+00    6.912434e-09
              80    1.200000e+00    1.200000e+00    6.869096e-09
              81    1.200000e+00    1.200000e+00    7.024475e-09
              82    1.200000e+00    1.200000e+00    6.981511e-09
              83    1.200000e+00    1.200000e+00    6.939326e-09
              84    1.200000e+00    1.200000e+00    6.897897e-09
              85    1.200000e+00    1.200000e+00    6.857201e-09
              86    1.200000e+00    1.200000e+00    6.817217e-09
              87    1.200000e+00    1.200000e+00    6.777925e-09
              88    1.200000e+00    1.200000e+00    6.923976e-09
              89    1.200000e+00    1.200000e+00    6.701336e-09
              90    1.200000e+00    1.200000e+00    6.664002e-09
              91    1.200000e+00    1.200000e+00    6.627285e-09
              92    1.200000e+00    1.200000e+00    7.119276e-09
              93    1.200000e+00    1.200000e+00    7.247529e-09
              94    1.200000e+00    1.200000e+00    7.208876e-09
              95    1.200000e+00    1.200000e+00    7.170834e-09
              96    1.200000e+00    1.200000e+00    7.133388e-09
              97    1.200000e+00    1.200000e+00    7.096523e-09
              98    1.200000e+00    1.200000e+00    7.060223e-09
              99    1.200000e+00    1.200000e+00    7.024475e-09
             100    1.200000e+00    1.200000e+00    6.989264e-09
             101    1.200000e+00    1.200000e+00    7.110880e-09
             102    1.200000e+00    1.200000e+00    7.075937e-09
             103    1.200000e+00    1.200000e+00    7.041504e-09
             104    1.200000e+00    1.200000e+00    7.007569e-09
             105    1.200000e+00    1.200000e+00    6.974119e-09
             106    1.200000e+00    1.200000e+00    6.941145e-09
             107    1.200000e+00    1.200000e+00    6.908633e-09
             108    1.200000e+00    1.200000e+00    6.412439e-09
             109    1.200000e+00    1.200000e+00    6.382956e-09
             110    1.200000e+00    1.200000e+00    6.192993e-09
             111    1.200000e+00    1.200000e+00    6.165033e-09
             112    1.200000e+00    1.200000e+00    5.805446e-09
             113    1.200000e+00    1.200000e+00    5.779701e-09
             114    1.200000e+00    1.200000e+00    5.221938e-09
             115    1.200000e+00    1.200000e+00    5.199184e-09
             116    1.200000e+00    1.200000e+00    4.792717e-09
             117    1.200000e+00    1.200000e+00    4.772191e-09
             118    1.200000e+00    1.200000e+00    4.115289e-09
             119    1.200000e+00    1.200000e+00    4.097962e-09
             120    1.200000e+00    1.200000e+00    3.598972e-09
             121    1.200000e+00    1.200000e+00    3.584070e-09
             122    1.200000e+00    1.200000e+00    3.815796e-09
             123    1.200000e+00    1.200000e+00    3.291116e-09
             124    1.200000e+00    1.200000e+00    3.277818e-09
             125    1.200000e+00    1.200000e+00    2.308478e-09
             126    1.200000e+00    1.200000e+00    2.299299e-09
             127    1.200000e+00    1.200000e+00    1.322264e-09
             128    1.200000e+00    1.200000e+00    1.317089e-09
             129    1.200000e+00    1.200000e+00    1.311974e-09
             130    1.200000e+00    1.200000e+00    1.848262e-09
             131    1.200000e+00    1.200000e+00    1.841194e-09
             132    1.200000e+00    1.200000e+00    2.593959e-09
             133    1.200000e+00    1.200000e+00    2.584189e-09
             134    1.200000e+00    1.200000e+00    2.574529e-09
             135    1.200000e+00    1.200000e+00    3.141441e-09
             136    1.200000e+00    1.200000e+00    2.857167e-09
             137    1.200000e+00    1.200000e+00    2.846721e-09
             138    1.200000e+00    1.200000e+00    3.587778e-09
             139    1.200000e+00    1.200000e+00    3.574849e-09
             140    1.200000e+00    1.200000e+00    3.562059e-09
             141    1.200000e+00    1.200000e+00    3.968355e-09
             142    1.200000e+00    1.200000e+00    3.954358e-09
             143    1.200000e+00    1.200000e+00    3.940507e-09
             144    1.200000e+00    1.200000e+00    4.477242e-09
             145    1.200000e+00    1.200000e+00    4.461776e-09
             146    1.200000e+00    1.200000e+00    4.446470e-09
             147    1.200000e+00    1.200000e+00    4.760001e-09
             148    1.200000e+00    1.200000e+00    4.743893e-09
             149    1.200000e+00    1.200000e+00    4.727947e-09
             150    1.200000e+00    1.200000e+00    4.712161e-09
             151    1.200000e+00    1.200000e+00    4.999840e-09
             152    1.200000e+00    1.200000e+00    4.983366e-09
             153    1.200000e+00    1.200000e+00    4.967054e-09
             154    1.200000e+00    1.200000e+00    5.234034e-09
             155    1.200000e+00    1.200000e+00    5.217123e-09
             156    1.200000e+00    1.200000e+00    5.200374e-09
             157    1.200000e+00    1.200000e+00    5.183786e-09
             158    1.200000e+00    1.200000e+00    5.432519e-09
             159    1.200000e+00    1.200000e+00    5.415408e-09
             160    1.200000e+00    1.200000e+00    5.398459e-09
             161    1.200000e+00    1.200000e+00    5.381667e-09
             162    1.200000e+00    1.200000e+00    5.735460e-09
             163    1.200000e+00    1.200000e+00    5.717839e-09
             164    1.200000e+00    1.200000e+00    5.700380e-09
             165    1.200000e+00    1.200000e+00    5.683080e-09
             166    1.200000e+00    1.200000e+00    5.897294e-09
             167    1.200000e+00    1.200000e+00    5.879610e-09
             168    1.200000e+00    1.200000e+00    5.862085e-09
             169    1.200000e+00    1.200000e+00    5.844716e-09
             170    1.200000e+00    1.200000e+00    6.047483e-09
             171    1.200000e+00    1.200000e+00    6.029775e-09
             172    1.200000e+00    1.200000e+00    6.012221e-09
             173    1.200000e+00    1.200000e+00    5.994819e-09
             174    1.200000e+00    1.200000e+00    5.977568e-09
             175    1.200000e+00    1.200000e+00    6.271652e-09
             176    1.200000e+00    1.200000e+00    6.253809e-09
             177    1.200000e+00    1.200000e+00    6.236118e-09
             178    1.200000e+00    1.200000e+00    6.218576e-09
             179    1.200000e+00    1.200000e+00    6.398093e-09
             180    1.200000e+00    1.200000e+00    6.380296e-09
             181    1.200000e+00    1.200000e+00    6.362647e-09
             182    1.200000e+00    1.200000e+00    6.345143e-09
             183    1.200000e+00    1.200000e+00    6.327782e-09
             184    1.200000e+00    1.200000e+00    6.591169e-09
             185    1.200000e+00    1.200000e+00    6.573331e-09
             186    1.200000e+00    1.200000e+00    6.555637e-09
             187    1.200000e+00    1.200000e+00    6.538085e-09
             188    1.200000e+00    1.200000e+00    6.520673e-09
             189    1.200000e+00    1.200000e+00    6.503400e-09
             190    1.200000e+00    1.200000e+00    6.664002e-09
             191    1.200000e+00    1.200000e+00    6.646534e-09
             192    1.200000e+00    1.200000e+00    6.629203e-09
             193    1.200000e+00    1.200000e+00    6.612006e-09
             194    1.200000e+00    1.200000e+00    6.594943e-09
             195    1.200000e+00    1.200000e+00    6.748897e-09
             196    1.200000e+00    1.200000e+00    6.731658e-09
             197    1.200000e+00    1.200000e+00    6.630088e-09
             198    1.200000e+00    1.200000e+00    6.613324e-09
             199    1.200000e+00    1.200000e+00    6.596687e-09
             200    1.200000e+00    1.200000e+00    6.580175e-09
             201    1.200000e+00    1.200000e+00    6.811562e-09
             202    1.200000e+00    1.200000e+00    6.794681e-09
             203    1.200000e+00    1.200000e+00    6.777925e-09
             204    1.200000e+00    1.200000e+00    6.761292e-09
             205    1.200000e+00    1.200000e+00    6.744781e-09
             206    1.200000e+00    1.200000e+00    6.728390e-09
             207    1.200000e+00    1.200000e+00    6.712118e-09
             208    1.200000e+00    1.200000e+00    6.853537e-09
             209    1.200000e+00    1.200000e+00    6.837122e-09
             210    1.200000e+00    1.200000e+00    6.820823e-09
             211    1.200000e+00    1.200000e+00    6.804641e-09
             212    1.200000e+00    1.200000e+00    6.788573e-09
             213    1.200000e+00    1.200000e+00    6.772619e-09
             214    1.200000e+00    1.200000e+00    6.756777e-09
             215    1.200000e+00    1.200000e+00    6.741045e-09
             216    1.200000e+00    1.200000e+00    6.725423e-09
             217    1.200000e+00    1.200000e+00    6.709908e-09
             218    1.200000e+00    1.200000e+00    6.694501e-09
             219    1.200000e+00    1.200000e+00    6.903145e-09
             220    1.200000e+00    1.200000e+00    6.887438e-09
             221    1.200000e+00    1.200000e+00    6.871838e-09
             222    1.200000e+00    1.200000e+00    6.856343e-09
             223    1.200000e+00    1.200000e+00    6.840953e-09
             224    1.200000e+00    1.200000e+00    6.825666e-09
             225    1.200000e+00    1.200000e+00    6.810481e-09
             226    1.200000e+00    1.200000e+00    6.938473e-09
             227    1.200000e+00    1.200000e+00    6.923174e-09
             228    1.200000e+00    1.200000e+00    6.907975e-09
             229    1.200000e+00    1.200000e+00    6.892875e-09
             230    1.200000e+00    1.200000e+00    6.877874e-09
             231    1.200000e+00    1.200000e+00    6.862971e-09
             232    1.200000e+00    1.200000e+00    6.848164e-09
             233    1.200000e+00    1.200000e+00    6.763364e-09
             234    1.200000e+00    1.200000e+00    6.888064e-09
             235    1.200000e+00    1.200000e+00    6.873393e-09
             236    1.200000e+00    1.200000e+00    6.858815e-09
             237    1.200000e+00    1.200000e+00    6.844330e-09
             238    1.200000e+00    1.200000e+00    6.829936e-09
             239    1.200000e+00    1.200000e+00    6.815632e-09
             240    1.200000e+00    1.200000e+00    6.801418e-09
             241    1.200000e+00    1.200000e+00    6.787293e-09
             242    1.200000e+00    1.200000e+00    6.773255e-09
             243    1.200000e+00    1.200000e+00    6.959129e-09
             244    1.200000e+00    1.200000e+00    6.944854e-09
             245    1.200000e+00    1.200000e+00    6.930667e-09
             246    1.200000e+00    1.200000e+00    6.916565e-09
             247    1.200000e+00    1.200000e+00    6.902550e-09
             248    1.200000e+00    1.200000e+00    6.888620e-09
             249    1.200000e+00    1.200000e+00    6.874773e-09
             250    1.200000e+00    1.200000e+00    6.861010e-09
