#         BLOCK:      ACTUAL_PE:         PE_AVE:          ERROR:
               1    7.604754e+00    7.604754e+00    0.000000e+00
               2    7.543948e+00    7.574351e+00    2.149810e-02
               3    7.634262e+00    7.594321e+00    2.170911e-02
               4    7.577730e+00    7.590173e+00    1.667337e-02
               5    7.575080e+00    7.587154e+00    1.360922e-02
               6    7.505575e+00    7.573558e+00    1.681293e-02
               7    7.592133e+00    7.576211e+00    1.461899e-02
               8    7.632513e+00    7.583249e+00    1.438621e-02
               9    7.626642e+00    7.588071e+00    1.357166e-02
              10    7.599150e+00    7.589179e+00    1.225963e-02
              11    7.555815e+00    7.586146e+00    1.151420e-02
              12    7.660918e+00    7.592377e+00    1.212402e-02
              13    7.613489e+00    7.594001e+00    1.129965e-02
              14    7.638720e+00    7.597195e+00    1.093470e-02
              15    7.606268e+00    7.597800e+00    1.022244e-02
              16    7.518607e+00    7.592850e+00    1.071499e-02
              17    7.550860e+00    7.590380e+00    1.036548e-02
              18    7.744422e+00    7.598938e+00    1.284544e-02
              19    7.557161e+00    7.596739e+00    1.235613e-02
              20    7.552959e+00    7.594550e+00    1.193064e-02
              21    7.580274e+00    7.593870e+00    1.138187e-02
              22    7.548171e+00    7.591793e+00    1.105244e-02
              23    7.611535e+00    7.592651e+00    1.060518e-02
              24    7.646654e+00    7.594902e+00    1.039926e-02
              25    7.610746e+00    7.595535e+00    1.000258e-02
              26    7.633104e+00    7.596980e+00    9.721677e-03
              27    7.632012e+00    7.598278e+00    9.447800e-03
              28    7.568541e+00    7.597216e+00    9.169878e-03
              29    7.634135e+00    7.598489e+00    8.941611e-03
              30    7.550307e+00    7.596883e+00    8.786610e-03
              31    7.528588e+00    7.594680e+00    8.775010e-03
              32    7.559752e+00    7.593588e+00    8.568405e-03
              33    7.617382e+00    7.594309e+00    8.339039e-03
              34    7.604644e+00    7.594613e+00    8.099311e-03
              35    7.730071e+00    7.598483e+00    8.743833e-03
              36    7.641524e+00    7.599679e+00    8.582296e-03
              37    7.551254e+00    7.598370e+00    8.449545e-03
              38    7.605597e+00    7.598560e+00    8.229328e-03
              39    7.560584e+00    7.597587e+00    8.075725e-03
              40    7.560046e+00    7.596648e+00    7.928179e-03
              41    7.554942e+00    7.595631e+00    7.799793e-03
              42    7.666674e+00    7.597322e+00    7.795341e-03
              43    7.571769e+00    7.596728e+00    7.636672e-03
              44    7.622452e+00    7.597313e+00    7.485456e-03
              45    7.568197e+00    7.596666e+00    7.347023e-03
              46    7.539627e+00    7.595426e+00    7.291191e-03
              47    7.666152e+00    7.596931e+00    7.289693e-03
              48    7.537325e+00    7.595689e+00    7.242820e-03
              49    7.623000e+00    7.596246e+00    7.116421e-03
              50    7.645025e+00    7.597222e+00    7.040644e-03
              51    7.604440e+00    7.597363e+00    6.904015e-03
              52    7.596273e+00    7.597342e+00    6.771277e-03
              53    7.579021e+00    7.596997e+00    6.652335e-03
              54    7.568586e+00    7.596471e+00    6.549916e-03
              55    7.629755e+00    7.597076e+00    6.458723e-03
              56    7.545770e+00    7.596160e+00    6.408040e-03
              57    7.523990e+00    7.594893e+00    6.419483e-03
              58    7.513926e+00    7.593497e+00    6.458808e-03
              59    7.556165e+00    7.592865e+00    6.380255e-03
              60    7.633461e+00    7.593541e+00    6.309691e-03
              61    7.581395e+00    7.593342e+00    6.209395e-03
              62    7.587042e+00    7.593241e+00    6.110074e-03
              63    7.576110e+00    7.592969e+00    6.019136e-03
              64    7.560063e+00    7.592454e+00    5.947006e-03
              65    7.718407e+00    7.594392e+00    6.163120e-03
              66    7.581718e+00    7.594200e+00    6.072731e-03
              67    7.571910e+00    7.593867e+00    5.991199e-03
              68    7.503372e+00    7.592537e+00    6.049092e-03
              69    7.626181e+00    7.593024e+00    5.981044e-03
              70    7.563980e+00    7.592609e+00    5.909974e-03
              71    7.637534e+00    7.593242e+00    5.860509e-03
              72    7.596421e+00    7.593286e+00    5.779280e-03
              73    7.538422e+00    7.592535e+00    5.748772e-03
              74    7.557330e+00    7.592059e+00    5.690737e-03
              75    7.584318e+00    7.591956e+00    5.615797e-03
              76    7.604771e+00    7.592124e+00    5.544435e-03
              77    7.566237e+00    7.591788e+00    5.482613e-03
              78    7.613755e+00    7.592070e+00    5.419552e-03
              79    7.590985e+00    7.592056e+00    5.350967e-03
              80    7.675589e+00    7.593100e+00    5.384993e-03
              81    7.603483e+00    7.593228e+00    5.320037e-03
              82    7.586220e+00    7.593143e+00    5.255845e-03
              83    7.540012e+00    7.592503e+00    5.231358e-03
              84    7.628758e+00    7.592934e+00    5.186855e-03
              85    7.587227e+00    7.592867e+00    5.126268e-03
              86    7.525389e+00    7.592083e+00    5.126356e-03
              87    7.578737e+00    7.591929e+00    5.069727e-03
              88    7.686490e+00    7.593004e+00    5.124731e-03
              89    7.544930e+00    7.592464e+00    5.095537e-03
              90    7.544726e+00    7.591933e+00    5.066452e-03
              91    7.531220e+00    7.591266e+00    5.054515e-03
              92    7.592745e+00    7.591282e+00    4.999600e-03
              93    7.723873e+00    7.592708e+00    5.145106e-03
              94    7.614561e+00    7.592940e+00    5.095620e-03
              95    7.596888e+00    7.592982e+00    5.042151e-03
              96    7.535389e+00    7.592382e+00    5.025193e-03
              97    7.609696e+00    7.592560e+00    4.976555e-03
              98    7.662327e+00    7.593272e+00    4.976433e-03
              99    7.562275e+00    7.592959e+00    4.936006e-03
             100    7.611248e+00    7.593142e+00    4.890033e-03
             101    7.561676e+00    7.592831e+00    4.851531e-03
             102    7.558253e+00    7.592492e+00    4.815795e-03
             103    7.606958e+00    7.592632e+00    4.771087e-03
             104    7.612183e+00    7.592820e+00    4.728914e-03
             105    7.548534e+00    7.592398e+00    4.702648e-03
             106    7.591445e+00    7.592389e+00    4.658292e-03
             107    7.674037e+00    7.593152e+00    4.676836e-03
             108    7.534225e+00    7.592607e+00    4.665251e-03
             109    7.634259e+00    7.592989e+00    4.638075e-03
             110    7.663453e+00    7.593629e+00    4.639936e-03
             111    7.595319e+00    7.593645e+00    4.598160e-03
             112    7.669382e+00    7.594321e+00    4.606561e-03
             113    7.578503e+00    7.594181e+00    4.567921e-03
             114    7.560645e+00    7.593887e+00    4.537314e-03
             115    7.624673e+00    7.594154e+00    4.505750e-03
             116    7.618022e+00    7.594360e+00    4.471602e-03
             117    7.587292e+00    7.594300e+00    4.433791e-03
             118    7.598249e+00    7.594333e+00    4.396343e-03
             119    7.528033e+00    7.593776e+00    4.394560e-03
             120    7.584337e+00    7.593697e+00    4.358643e-03
             121    7.603387e+00    7.593777e+00    4.323357e-03
             122    7.637246e+00    7.594134e+00    4.302576e-03
             123    7.594633e+00    7.594138e+00    4.267597e-03
             124    7.613955e+00    7.594298e+00    4.236173e-03
             125    7.535590e+00    7.593828e+00    4.228239e-03
             126    7.708925e+00    7.594741e+00    4.292221e-03
             127    7.604537e+00    7.594819e+00    4.259117e-03
             128    7.556596e+00    7.594520e+00    4.236297e-03
             129    7.526254e+00    7.593991e+00    4.236382e-03
             130    7.582627e+00    7.593903e+00    4.204696e-03
             131    7.559194e+00    7.593638e+00    4.180939e-03
             132    7.596421e+00    7.593659e+00    4.149319e-03
             133    7.566338e+00    7.593454e+00    4.123203e-03
             134    7.619789e+00    7.593651e+00    4.097114e-03
             135    7.592675e+00    7.593643e+00    4.066771e-03
             136    7.569850e+00    7.593468e+00    4.040630e-03
             137    7.569813e+00    7.593296e+00    4.014823e-03
             138    7.561628e+00    7.593066e+00    3.992283e-03
             139    7.604708e+00    7.593150e+00    3.964440e-03
             140    7.567116e+00    7.592964e+00    3.940482e-03
             141    7.551583e+00    7.592671e+00    3.923449e-03
             142    7.586005e+00    7.592624e+00    3.896100e-03
             143    7.584690e+00    7.592568e+00    3.869250e-03
             144    7.559802e+00    7.592341e+00    3.849065e-03
             145    7.567781e+00    7.592171e+00    3.826244e-03
             146    7.620747e+00    7.592367e+00    3.805039e-03
             147    7.557193e+00    7.592128e+00    3.786671e-03
             148    7.607586e+00    7.592232e+00    3.762525e-03
             149    7.538483e+00    7.591871e+00    3.754526e-03
             150    7.604950e+00    7.591959e+00    3.730508e-03
             151    7.636804e+00    7.592256e+00    3.717606e-03
             152    7.629002e+00    7.592497e+00    3.701000e-03
             153    7.550802e+00    7.592225e+00    3.686830e-03
             154    7.572645e+00    7.592098e+00    3.665082e-03
             155    7.691764e+00    7.592741e+00    3.697411e-03
             156    7.530603e+00    7.592342e+00    3.695102e-03
             157    7.563770e+00    7.592160e+00    3.676045e-03
             158    7.541518e+00    7.591840e+00    3.666726e-03
             159    7.530035e+00    7.591451e+00    3.664211e-03
             160    7.650533e+00    7.591820e+00    3.659868e-03
             161    7.560885e+00    7.591628e+00    3.642177e-03
             162    7.471379e+00    7.590886e+00    3.694558e-03
             163    7.691219e+00    7.591502e+00    3.722816e-03
             164    7.546758e+00    7.591229e+00    3.710099e-03
             165    7.608428e+00    7.591333e+00    3.689078e-03
             166    7.626588e+00    7.591545e+00    3.672963e-03
             167    7.524146e+00    7.591142e+00    3.673075e-03
             168    7.542740e+00    7.590854e+00    3.662493e-03
             169    7.706116e+00    7.591536e+00    3.703780e-03
             170    7.538895e+00    7.591226e+00    3.694915e-03
             171    7.585576e+00    7.591193e+00    3.673455e-03
             172    7.586731e+00    7.591167e+00    3.652189e-03
             173    7.618069e+00    7.591322e+00    3.634387e-03
             174    7.602238e+00    7.591385e+00    3.614041e-03
             175    7.561518e+00    7.591215e+00    3.597417e-03
             176    7.564719e+00    7.591064e+00    3.580126e-03
             177    7.602920e+00    7.591131e+00    3.560526e-03
             178    7.606366e+00    7.591217e+00    3.541551e-03
             179    7.531059e+00    7.590881e+00    3.537676e-03
             180    7.633240e+00    7.591116e+00    3.525841e-03
             181    7.570508e+00    7.591002e+00    3.508199e-03
             182    7.553428e+00    7.590796e+00    3.494992e-03
             183    7.592037e+00    7.590802e+00    3.475901e-03
             184    7.606945e+00    7.590890e+00    3.458117e-03
             185    7.640787e+00    7.591160e+00    3.449926e-03
             186    7.610988e+00    7.591266e+00    3.433025e-03
             187    7.619019e+00    7.591415e+00    3.417873e-03
             188    7.630966e+00    7.591625e+00    3.406161e-03
             189    7.522163e+00    7.591258e+00    3.407909e-03
             190    7.660372e+00    7.591621e+00    3.409331e-03
             191    7.571267e+00    7.591515e+00    3.393146e-03
             192    7.670639e+00    7.591927e+00    3.400407e-03
             193    7.671004e+00    7.592337e+00    3.407384e-03
             194    7.592666e+00    7.592338e+00    3.389820e-03
             195    7.593457e+00    7.592344e+00    3.372441e-03
             196    7.613932e+00    7.592454e+00    3.357033e-03
             197    7.596680e+00    7.592476e+00    3.340061e-03
             198    7.638503e+00    7.592708e+00    3.331271e-03
             199    7.575641e+00    7.592622e+00    3.315635e-03
             200    7.584461e+00    7.592582e+00    3.299308e-03
             201    7.523525e+00    7.592238e+00    3.300733e-03
             202    7.691243e+00    7.592728e+00    3.320583e-03
             203    7.614974e+00    7.592838e+00    3.306033e-03
             204    7.559913e+00    7.592676e+00    3.293764e-03
             205    7.617902e+00    7.592799e+00    3.279994e-03
             206    7.591239e+00    7.592792e+00    3.264081e-03
             207    7.512722e+00    7.592405e+00    3.271151e-03
             208    7.613412e+00    7.592506e+00    3.256983e-03
             209    7.558701e+00    7.592344e+00    3.245414e-03
             210    7.601120e+00    7.592386e+00    3.230228e-03
             211    7.534542e+00    7.592112e+00    3.226531e-03
             212    7.621236e+00    7.592249e+00    3.214235e-03
             213    7.565747e+00    7.592125e+00    3.201552e-03
             214    7.688173e+00    7.592574e+00    3.217898e-03
             215    7.530160e+00    7.592283e+00    3.215998e-03
             216    7.589034e+00    7.592268e+00    3.201145e-03
             217    7.605159e+00    7.592328e+00    3.186944e-03
             218    7.699726e+00    7.592820e+00    3.210178e-03
             219    7.545886e+00    7.592606e+00    3.202665e-03
             220    7.590358e+00    7.592596e+00    3.188124e-03
             221    7.578659e+00    7.592533e+00    3.174322e-03
             222    7.513026e+00    7.592175e+00    3.180162e-03
             223    7.594296e+00    7.592184e+00    3.165915e-03
             224    7.568700e+00    7.592079e+00    3.153517e-03
             225    7.631292e+00    7.592254e+00    3.144314e-03
             226    7.582934e+00    7.592212e+00    3.130671e-03
             227    7.520501e+00    7.591896e+00    3.132778e-03
             228    7.589344e+00    7.591885e+00    3.119058e-03
             229    7.594394e+00    7.591896e+00    3.105457e-03
             230    7.552662e+00    7.591726e+00    3.096636e-03
             231    7.530252e+00    7.591460e+00    3.094645e-03
             232    7.642808e+00    7.591681e+00    3.089210e-03
             233    7.663695e+00    7.591990e+00    3.091375e-03
             234    7.609584e+00    7.592065e+00    3.079078e-03
             235    7.588008e+00    7.592048e+00    3.066024e-03
             236    7.689778e+00    7.592462e+00    3.080871e-03
             237    7.557375e+00    7.592314e+00    3.071427e-03
             238    7.551494e+00    7.592142e+00    3.063306e-03
             239    7.613635e+00    7.592232e+00    3.051809e-03
             240    7.636363e+00    7.592416e+00    3.044628e-03
             241    7.601746e+00    7.592455e+00    3.032240e-03
             242    7.580182e+00    7.592404e+00    3.020135e-03
             243    7.663135e+00    7.592695e+00    3.021700e-03
             244    7.666570e+00    7.592998e+00    3.024446e-03
             245    7.543774e+00    7.592797e+00    3.018767e-03
             246    7.546832e+00    7.592610e+00    3.012273e-03
             247    7.593775e+00    7.592615e+00    3.000081e-03
             248    7.636734e+00    7.592793e+00    2.993254e-03
             249    7.529202e+00    7.592537e+00    2.992108e-03
             250    7.557502e+00    7.592397e+00    2.983419e-03
