2.17446 0
1.88171 0.292755
1.73083 0.226569
1.67182 0.17073
1.65966 0.132805
1.64282 0.109734
1.60881 0.0987805
1.59626 0.0864627
1.59659 0.0762536
1.59501 0.0682216
1.5872 0.062201
1.59126 0.0569269
1.57948 0.0536753
1.57311 0.0501002
1.57178 0.0466597
1.57309 0.0436659
1.56597 0.0416296
1.55992 0.0397132
1.55549 0.0378252
1.55381 0.0359233
1.55467 0.0341807
1.55362 0.0326071
1.55125 0.0312472
1.54857 0.0300367
1.54924 0.0288181
1.54486 0.0280326
1.54184 0.0271431
1.53711 0.0265799
1.53379 0.0258603
1.5305 0.0251991
1.52964 0.0243878
1.52837 0.0236478
1.52813 0.0229212
1.52557 0.022384
1.52545 0.0217354
1.52511 0.0211257
1.52426 0.0205647
1.52464 0.0200199
1.52305 0.0195647
1.5218 0.0191101
1.52142 0.018642
1.51992 0.018255
1.52144 0.0178909
1.52113 0.0174822
1.51856 0.0172824
1.51862 0.0169027
1.51921 0.0165496
1.51976 0.0162107
1.51935 0.0158817
1.51898 0.0155653
1.52209 0.0155711
1.51987 0.0154295
1.51899 0.0151611
1.51945 0.0148845
1.5182 0.0146642
1.51853 0.0144037
1.51972 0.0141988
1.52135 0.0140464
1.52056 0.0138289
1.51981 0.013617
1.51974 0.0133921
1.51988 0.0131751
1.5207 0.0129902
1.52106 0.0127907
1.52133 0.0125952
1.52126 0.0124031
1.52046 0.012243
1.52024 0.0120636
1.5192 0.0119329
1.52013 0.0117982
1.51965 0.011641
1.51981 0.0114792
1.51923 0.0113355
1.5193 0.0111816
1.51767 0.0111516
1.51691 0.0110303
1.51752 0.0109032
1.5185 0.0108074
1.51663 0.0108332
1.51635 0.0107005
1.51597 0.0105745
1.51578 0.0104466
1.51554 0.0103225
1.51449 0.0102531
1.51451 0.0101318
1.51442 0.0100137
1.51474 0.00990322
1.51422 0.00980392
1.51333 0.00973362
1.51398 0.00964685
1.51382 0.00954171
1.51425 0.00944756
1.5135 0.00937535
1.513 0.00928873
1.51285 0.00919169
1.51314 0.00910023
1.51346 0.00901129
1.51382 0.00892636
1.51302 0.00887187
1.51285 0.00878441
1.51261 0.00870034
1.51267 0.00861488
1.51166 0.008591
1.51206 0.0085175
1.51214 0.00843632
1.51183 0.00836184
1.51146 0.0082919
1.51108 0.00822352
1.51067 0.00815763
1.5111 0.0080943
1.51242 0.00812842
1.51176 0.00808217
1.5118 0.00801043
1.51132 0.00795419
1.51219 0.00793259
1.51175 0.00787618
1.51177 0.00780859
1.51223 0.00775582
1.51293 0.00772195
1.51354 0.0076815
1.51364 0.00761848
1.51339 0.00755987
1.51334 0.00749836
1.51366 0.00744478
1.51331 0.00739364
1.51306 0.00733886
1.51274 0.00728802
1.51275 0.00723087
1.51304 0.00718056
1.51245 0.00714928
1.5129 0.00710863
1.51209 0.00710096
1.51141 0.00708048
1.51101 0.00703881
1.51148 0.00700248
1.51131 0.00695298
1.51129 0.00690206
1.51146 0.00685404
1.51194 0.00682127
1.51168 0.00677744
1.51109 0.00675433
1.51064 0.0067223
1.5104 0.00667927
1.50967 0.00667314
1.50973 0.0066273
1.50947 0.00658693
1.50932 0.00654382
1.50894 0.00651023
1.5094 0.00648247
1.50829 0.00653408
1.50771 0.00651617
1.5074 0.00648062
1.50793 0.00645971
1.50774 0.00642043
1.50784 0.00637963
1.50772 0.00633976
1.50763 0.00629984
1.50765 0.00625987
1.50773 0.00622085
1.50752 0.00618547
1.5071 0.00616104
1.50682 0.00612914
1.50743 0.00612188
1.50737 0.00608476
1.50752 0.00604958
1.5072 0.0060213
1.50687 0.00599431
1.50713 0.00596394
1.50738 0.00593395
1.50732 0.00589926
1.50738 0.00586498
1.50717 0.00583458
1.50691 0.00580635
1.5073 0.00578563
1.50695 0.00576274
1.50656 0.00574352
1.50651 0.0057112
1.50665 0.0056808
1.50665 0.00564898
1.50674 0.00561828
1.50716 0.00560292
1.50695 0.0055761
1.50675 0.00554932
1.50709 0.00552995
1.50717 0.00550053
1.50746 0.00547874
1.50683 0.00548647
1.5071 0.00546396
1.50709 0.00543499
1.50701 0.00540688
1.50688 0.00538004
1.50678 0.00535282
1.50739 0.0053591
1.50667 0.00537967
1.50641 0.00535802
1.50637 0.0053308
1.50669 0.00531322
1.5068 0.00528763
1.50675 0.00526123
1.50656 0.00523852
