#         BLOCK:      ACTUAL_PE:         PE_AVE:          ERROR:
               1    1.650000e+00    1.650000e+00    0.000000e+00
               2    1.650000e+00    1.650000e+00    0.000000e+00
               3    1.650000e+00    1.650000e+00    1.720638e-08
               4    1.650000e+00    1.650000e+00    0.000000e+00
               5    1.650000e+00    1.650000e+00    0.000000e+00
               6    1.650000e+00    1.650000e+00    1.216675e-08
               7    1.650000e+00    1.650000e+00    1.379579e-08
               8    1.650000e+00    1.650000e+00    1.053671e-08
               9    1.650000e+00    1.650000e+00    9.934107e-09
              10    1.650000e+00    1.650000e+00    6.664002e-09
              11    1.650000e+00    1.650000e+00    6.353876e-09
              12    1.650000e+00    1.650000e+00    1.053671e-08
              13    1.650000e+00    1.650000e+00    1.168943e-08
              14    1.650000e+00    1.650000e+00    1.126422e-08
              15    1.650000e+00    1.650000e+00    1.216675e-08
              16    1.650000e+00    1.650000e+00    1.178040e-08
              17    1.650000e+00    1.650000e+00    1.142867e-08
              18    1.650000e+00    1.650000e+00    1.110667e-08
              19    1.650000e+00    1.650000e+00    1.279108e-08
              20    1.650000e+00    1.650000e+00    1.246721e-08
              21    1.650000e+00    1.650000e+00    1.028278e-08
              22    1.650000e+00    1.650000e+00    1.100524e-08
              23    1.650000e+00    1.650000e+00    9.825535e-09
              24    1.650000e+00    1.650000e+00    9.618658e-09
              25    1.650000e+00    1.650000e+00    5.960464e-09
              26    1.650000e+00    1.650000e+00    5.844716e-09
              27    1.650000e+00    1.650000e+00    4.055582e-09
              28    1.650000e+00    1.650000e+00    3.982503e-09
              29    1.650000e+00    1.650000e+00    5.534152e-09
              30    1.650000e+00    1.650000e+00    5.441135e-09
              31    1.650000e+00    1.650000e+00    7.569797e-09
              32    1.650000e+00    1.650000e+00    7.450581e-09
              33    1.650000e+00    1.650000e+00    7.336825e-09
              34    1.650000e+00    1.650000e+00    8.081289e-09
              35    1.650000e+00    1.650000e+00    9.424322e-09
              36    1.650000e+00    1.650000e+00    9.292507e-09
              37    1.650000e+00    1.650000e+00    9.166072e-09
              38    1.650000e+00    1.650000e+00    9.669150e-09
              39    1.650000e+00    1.650000e+00    9.544382e-09
              40    1.650000e+00    1.650000e+00    8.161702e-09
              41    1.650000e+00    1.650000e+00    7.359159e-09
              42    1.650000e+00    1.650000e+00    7.965006e-09
              43    1.650000e+00    1.650000e+00    6.427334e-09
              44    1.650000e+00    1.650000e+00    6.353876e-09
              45    1.650000e+00    1.650000e+00    4.442668e-09
              46    1.650000e+00    1.650000e+00    4.394113e-09
              47    1.650000e+00    1.650000e+00    4.347116e-09
              48    1.650000e+00    1.650000e+00    3.041687e-09
              49    1.650000e+00    1.650000e+00    3.010489e-09
              50    1.650000e+00    1.650000e+00    2.980232e-09
              51    1.650000e+00    1.650000e+00    2.950870e-09
              52    1.650000e+00    1.650000e+00    4.132839e-09
              53    1.650000e+00    1.650000e+00    4.093664e-09
              54    1.650000e+00    1.650000e+00    4.055582e-09
              55    1.650000e+00    1.650000e+00    4.921692e-09
              56    1.650000e+00    1.650000e+00    4.877550e-09
              57    1.650000e+00    1.650000e+00    4.834575e-09
              58    1.650000e+00    1.650000e+00    4.792717e-09
              59    1.650000e+00    1.650000e+00    6.134711e-09
              60    1.650000e+00    1.650000e+00    5.441135e-09
              61    1.650000e+00    1.650000e+00    5.396351e-09
              62    1.650000e+00    1.650000e+00    6.555637e-09
              63    1.650000e+00    1.650000e+00    6.503400e-09
              64    1.650000e+00    1.650000e+00    6.452392e-09
              65    1.650000e+00    1.650000e+00    6.402566e-09
              66    1.650000e+00    1.650000e+00    6.353876e-09
              67    1.650000e+00    1.650000e+00    6.811562e-09
              68    1.650000e+00    1.650000e+00    6.761292e-09
              69    1.650000e+00    1.650000e+00    6.712118e-09
              70    1.650000e+00    1.650000e+00    6.169667e-09
              71    1.650000e+00    1.650000e+00    6.126064e-09
              72    1.650000e+00    1.650000e+00    7.024475e-09
              73    1.650000e+00    1.650000e+00    6.976196e-09
              74    1.650000e+00    1.650000e+00    6.928899e-09
              75    1.650000e+00    1.650000e+00    6.882552e-09
              76    1.650000e+00    1.650000e+00    6.837122e-09
              77    1.650000e+00    1.650000e+00    7.594335e-09
              78    1.650000e+00    1.650000e+00    6.748897e-09
              79    1.650000e+00    1.650000e+00    6.706046e-09
              80    1.650000e+00    1.650000e+00    6.664002e-09
              81    1.650000e+00    1.650000e+00    6.622738e-09
              82    1.650000e+00    1.650000e+00    7.359159e-09
              83    1.650000e+00    1.650000e+00    7.314692e-09
              84    1.650000e+00    1.650000e+00    7.271022e-09
              85    1.650000e+00    1.650000e+00    7.228125e-09
              86    1.650000e+00    1.650000e+00    6.817217e-09
              87    1.650000e+00    1.650000e+00    6.777925e-09
              88    1.650000e+00    1.650000e+00    6.739304e-09
              89    1.650000e+00    1.650000e+00    6.701336e-09
              90    1.650000e+00    1.650000e+00    7.024475e-09
              91    1.650000e+00    1.650000e+00    6.985772e-09
              92    1.650000e+00    1.650000e+00    6.947702e-09
              93    1.650000e+00    1.650000e+00    6.910248e-09
              94    1.650000e+00    1.650000e+00    6.873393e-09
              95    1.650000e+00    1.650000e+00    6.837122e-09
              96    1.650000e+00    1.650000e+00    6.801418e-09
              97    1.650000e+00    1.650000e+00    6.766269e-09
              98    1.650000e+00    1.650000e+00    7.374162e-09
              99    1.650000e+00    1.650000e+00    7.336825e-09
             100    1.650000e+00    1.650000e+00    7.300048e-09
             101    1.650000e+00    1.650000e+00    7.263820e-09
             102    1.650000e+00    1.650000e+00    7.228125e-09
             103    1.650000e+00    1.650000e+00    7.192951e-09
             104    1.650000e+00    1.650000e+00    7.158286e-09
             105    1.650000e+00    1.650000e+00    7.124118e-09
             106    1.650000e+00    1.650000e+00    7.090434e-09
             107    1.650000e+00    1.650000e+00    7.057223e-09
             108    1.650000e+00    1.650000e+00    7.311305e-09
             109    1.650000e+00    1.650000e+00    7.277690e-09
             110    1.650000e+00    1.650000e+00    6.960323e-09
             111    1.650000e+00    1.650000e+00    6.928899e-09
             112    1.650000e+00    1.650000e+00    6.897897e-09
             113    1.650000e+00    1.650000e+00    6.867308e-09
             114    1.650000e+00    1.650000e+00    6.837122e-09
             115    1.650000e+00    1.650000e+00    6.807330e-09
             116    1.650000e+00    1.650000e+00    6.777925e-09
             117    1.650000e+00    1.650000e+00    6.748897e-09
             118    1.650000e+00    1.650000e+00    6.720239e-09
             119    1.650000e+00    1.650000e+00    6.691943e-09
             120    1.650000e+00    1.650000e+00    6.664002e-09
             121    1.650000e+00    1.650000e+00    7.168139e-09
             122    1.650000e+00    1.650000e+00    7.138701e-09
             123    1.650000e+00    1.650000e+00    7.109623e-09
             124    1.650000e+00    1.650000e+00    7.080897e-09
             125    1.650000e+00    1.650000e+00    7.052517e-09
             126    1.650000e+00    1.650000e+00    7.024475e-09
             127    1.650000e+00    1.650000e+00    6.996765e-09
             128    1.650000e+00    1.650000e+00    6.969380e-09
             129    1.650000e+00    1.650000e+00    6.942314e-09
             130    1.650000e+00    1.650000e+00    6.915562e-09
             131    1.650000e+00    1.650000e+00    6.889116e-09
             132    1.650000e+00    1.650000e+00    6.862971e-09
             133    1.650000e+00    1.650000e+00    6.837122e-09
             134    1.650000e+00    1.650000e+00    6.811562e-09
             135    1.650000e+00    1.650000e+00    6.786287e-09
             136    1.650000e+00    1.650000e+00    6.761292e-09
             137    1.650000e+00    1.650000e+00    7.201697e-09
             138    1.650000e+00    1.650000e+00    7.175556e-09
             139    1.650000e+00    1.650000e+00    7.149698e-09
             140    1.650000e+00    1.650000e+00    7.124118e-09
             141    1.650000e+00    1.650000e+00    7.098810e-09
             142    1.650000e+00    1.650000e+00    7.073770e-09
             143    1.650000e+00    1.650000e+00    7.048993e-09
             144    1.650000e+00    1.650000e+00    7.024475e-09
             145    1.650000e+00    1.650000e+00    7.000211e-09
             146    1.650000e+00    1.650000e+00    6.976196e-09
             147    1.650000e+00    1.650000e+00    6.952427e-09
             148    1.650000e+00    1.650000e+00    6.928899e-09
             149    1.650000e+00    1.650000e+00    6.905609e-09
             150    1.650000e+00    1.650000e+00    6.882552e-09
             151    1.650000e+00    1.650000e+00    6.859724e-09
             152    1.650000e+00    1.650000e+00    6.837122e-09
             153    1.650000e+00    1.650000e+00    6.814741e-09
             154    1.650000e+00    1.650000e+00    6.576887e-09
             155    1.650000e+00    1.650000e+00    6.555637e-09
             156    1.650000e+00    1.650000e+00    6.534591e-09
             157    1.650000e+00    1.650000e+00    6.513747e-09
             158    1.650000e+00    1.650000e+00    6.044749e-09
             159    1.650000e+00    1.650000e+00    5.542847e-09
             160    1.650000e+00    1.650000e+00    5.268356e-09
             161    1.650000e+00    1.650000e+00    5.251969e-09
             162    1.650000e+00    1.650000e+00    4.682983e-09
             163    1.650000e+00    1.650000e+00    4.367072e-09
             164    1.650000e+00    1.650000e+00    4.353737e-09
             165    1.650000e+00    1.650000e+00    3.668412e-09
             166    1.650000e+00    1.650000e+00    2.832968e-09
             167    1.650000e+00    1.650000e+00    2.306173e-09
             168    1.650000e+00    1.650000e+00    2.299299e-09
             169    1.650000e+00    1.650000e+00    0.000000e+00
             170    1.650000e+00    1.650000e+00    2.285734e-09
             171    1.650000e+00    1.650000e+00    2.279041e-09
             172    1.650000e+00    1.650000e+00    2.783117e-09
             173    1.650000e+00    1.650000e+00    2.775062e-09
             174    1.650000e+00    1.650000e+00    3.572280e-09
             175    1.650000e+00    1.650000e+00    4.214685e-09
             176    1.650000e+00    1.650000e+00    4.202694e-09
             177    1.650000e+00    1.650000e+00    4.480159e-09
             178    1.650000e+00    1.650000e+00    4.994881e-09
             179    1.650000e+00    1.650000e+00    4.980909e-09
             180    1.650000e+00    1.650000e+00    5.441135e-09
             181    1.650000e+00    1.650000e+00    5.426083e-09
             182    1.650000e+00    1.650000e+00    5.632110e-09
             183    1.650000e+00    1.650000e+00    5.616700e-09
             184    1.650000e+00    1.650000e+00    6.016887e-09
             185    1.650000e+00    1.650000e+00    6.388129e-09
             186    1.650000e+00    1.650000e+00    6.370934e-09
             187    1.650000e+00    1.650000e+00    6.538085e-09
             188    1.650000e+00    1.650000e+00    6.520673e-09
             189    1.650000e+00    1.650000e+00    6.681608e-09
             190    1.650000e+00    1.650000e+00    6.664002e-09
             191    1.650000e+00    1.650000e+00    6.987601e-09
             192    1.650000e+00    1.650000e+00    6.969380e-09
             193    1.650000e+00    1.650000e+00    7.114884e-09
             194    1.650000e+00    1.650000e+00    7.096523e-09
             195    1.650000e+00    1.650000e+00    7.393046e-09
             196    1.650000e+00    1.650000e+00    7.374162e-09
             197    1.650000e+00    1.650000e+00    7.507097e-09
             198    1.650000e+00    1.650000e+00    7.488115e-09
             199    1.650000e+00    1.650000e+00    7.762301e-09
             200    1.650000e+00    1.650000e+00    7.742870e-09
             201    1.650000e+00    1.650000e+00    8.004535e-09
             202    1.650000e+00    1.650000e+00    7.984697e-09
             203    1.650000e+00    1.650000e+00    8.101170e-09
             204    1.650000e+00    1.650000e+00    8.081289e-09
             205    1.650000e+00    1.650000e+00    8.455030e-09
             206    1.650000e+00    1.650000e+00    8.434483e-09
             207    1.650000e+00    1.650000e+00    8.414085e-09
             208    1.650000e+00    1.650000e+00    8.644452e-09
             209    1.650000e+00    1.650000e+00    8.623747e-09
             210    1.650000e+00    1.650000e+00    8.725227e-09
             211    1.650000e+00    1.650000e+00    8.704526e-09
             212    1.650000e+00    1.650000e+00    8.921933e-09
             213    1.650000e+00    1.650000e+00    8.900965e-09
             214    1.650000e+00    1.650000e+00    8.880144e-09
             215    1.650000e+00    1.650000e+00    9.089623e-09
             216    1.650000e+00    1.650000e+00    9.068558e-09
             217    1.650000e+00    1.650000e+00    9.160036e-09
             218    1.650000e+00    1.650000e+00    9.139002e-09
             219    1.650000e+00    1.650000e+00    9.118113e-09
             220    1.650000e+00    1.650000e+00    9.316612e-09
             221    1.650000e+00    1.650000e+00    9.295510e-09
             222    1.650000e+00    1.650000e+00    9.487786e-09
             223    1.650000e+00    1.650000e+00    9.466489e-09
             224    1.650000e+00    1.650000e+00    9.445335e-09
             225    1.650000e+00    1.650000e+00    9.528461e-09
             226    1.650000e+00    1.650000e+00    9.507357e-09
             227    1.650000e+00    1.650000e+00    9.690424e-09
             228    1.650000e+00    1.650000e+00    9.669150e-09
             229    1.650000e+00    1.650000e+00    9.648015e-09
             230    1.650000e+00    1.650000e+00    9.825535e-09
             231    1.650000e+00    1.650000e+00    9.804244e-09
             232    1.650000e+00    1.650000e+00    9.783092e-09
             233    1.650000e+00    1.650000e+00    9.859213e-09
             234    1.650000e+00    1.650000e+00    9.838123e-09
             235    1.650000e+00    1.650000e+00    9.817169e-09
             236    1.650000e+00    1.650000e+00    9.986586e-09
             237    1.650000e+00    1.650000e+00    9.965495e-09
             238    1.650000e+00    1.650000e+00    9.944537e-09
             239    1.650000e+00    1.650000e+00    1.010922e-08
             240    1.650000e+00    1.650000e+00    1.008813e-08
             241    1.650000e+00    1.650000e+00    1.006718e-08
             242    1.650000e+00    1.650000e+00    1.013728e-08
             243    1.650000e+00    1.650000e+00    1.011640e-08
             244    1.650000e+00    1.650000e+00    1.009565e-08
             245    1.650000e+00    1.650000e+00    1.025336e-08
             246    1.650000e+00    1.650000e+00    1.023250e-08
             247    1.650000e+00    1.650000e+00    1.021176e-08
             248    1.650000e+00    1.650000e+00    1.027863e-08
             249    1.650000e+00    1.650000e+00    1.025797e-08
             250    1.650000e+00    1.650000e+00    1.023743e-08
