#         BLOCK:      ACTUAL_PE:         PE_AVE:          ERROR:
               1   -5.479379e+00   -5.479379e+00    0.000000e+00
               2   -5.451342e+00   -5.465360e+00    9.912549e-03
               3   -5.448621e+00   -5.459781e+00    8.026601e-03
               4   -5.476238e+00   -5.463895e+00    6.995412e-03
               5   -5.470294e+00   -5.465175e+00    5.712216e-03
               6   -5.459325e+00   -5.464200e+00    4.842683e-03
               7   -5.484850e+00   -5.467150e+00    4.968794e-03
               8   -5.464580e+00   -5.466829e+00    4.358065e-03
               9   -5.444589e+00   -5.464358e+00    4.520421e-03
              10   -5.472854e+00   -5.465207e+00    4.147452e-03
              11   -5.460299e+00   -5.464761e+00    3.794337e-03
              12   -5.460695e+00   -5.464422e+00    3.493236e-03
              13   -5.474460e+00   -5.465194e+00    3.308758e-03
              14   -5.457100e+00   -5.464616e+00    3.122525e-03
              15   -5.457415e+00   -5.464136e+00    2.951033e-03
              16   -5.486009e+00   -5.465503e+00    3.066945e-03
              17   -5.471466e+00   -5.465854e+00    2.906528e-03
              18   -5.475902e+00   -5.466412e+00    2.798144e-03
              19   -5.476320e+00   -5.466934e+00    2.699031e-03
              20   -5.482263e+00   -5.467700e+00    2.670699e-03
              21   -5.461579e+00   -5.467409e+00    2.559381e-03
              22   -5.470648e+00   -5.467556e+00    2.447278e-03
              23   -5.461102e+00   -5.467275e+00    2.356907e-03
              24   -5.474028e+00   -5.467557e+00    2.275436e-03
              25   -5.480085e+00   -5.468058e+00    2.238927e-03
              26   -5.465423e+00   -5.467956e+00    2.155106e-03
              27   -5.484542e+00   -5.468571e+00    2.161063e-03
              28   -5.471620e+00   -5.468680e+00    2.086625e-03
              29   -5.458638e+00   -5.468333e+00    2.043203e-03
              30   -5.450975e+00   -5.467755e+00    2.055395e-03
              31   -5.489524e+00   -5.468457e+00    2.105639e-03
              32   -5.479749e+00   -5.468810e+00    2.069194e-03
              33   -5.454717e+00   -5.468383e+00    2.050084e-03
              34   -5.474889e+00   -5.468574e+00    1.998698e-03
              35   -5.456474e+00   -5.468228e+00    1.971268e-03
              36   -5.474523e+00   -5.468403e+00    1.924249e-03
              37   -5.461169e+00   -5.468208e+00    1.882149e-03
              38   -5.474648e+00   -5.468377e+00    1.840233e-03
              39   -5.468426e+00   -5.468378e+00    1.793048e-03
              40   -5.480739e+00   -5.468687e+00    1.774650e-03
              41   -5.462611e+00   -5.468539e+00    1.737543e-03
              42   -5.446294e+00   -5.468010e+00    1.775063e-03
              43   -5.466241e+00   -5.467968e+00    1.734259e-03
              44   -5.452881e+00   -5.467626e+00    1.728411e-03
              45   -5.464881e+00   -5.467565e+00    1.691078e-03
              46   -5.475297e+00   -5.467733e+00    1.662649e-03
              47   -5.434807e+00   -5.467032e+00    1.768710e-03
              48   -5.479128e+00   -5.467284e+00    1.749722e-03
              49   -5.461880e+00   -5.467174e+00    1.717485e-03
              50   -5.455927e+00   -5.466949e+00    1.697801e-03
              51   -5.455827e+00   -5.466731e+00    1.678458e-03
              52   -5.456329e+00   -5.466531e+00    1.658056e-03
              53   -5.448779e+00   -5.466196e+00    1.660257e-03
              54   -5.459896e+00   -5.466079e+00    1.633606e-03
              55   -5.447480e+00   -5.465741e+00    1.638530e-03
              56   -5.454301e+00   -5.465537e+00    1.621957e-03
              57   -5.456057e+00   -5.465370e+00    1.602006e-03
              58   -5.458855e+00   -5.465258e+00    1.578319e-03
              59   -5.478383e+00   -5.465481e+00    1.567167e-03
              60   -5.452759e+00   -5.465269e+00    1.555325e-03
              61   -5.457022e+00   -5.465133e+00    1.535692e-03
              62   -5.439898e+00   -5.464726e+00    1.563934e-03
              63   -5.485034e+00   -5.465049e+00    1.571979e-03
              64   -5.469818e+00   -5.465123e+00    1.549182e-03
              65   -5.455088e+00   -5.464969e+00    1.533022e-03
              66   -5.471357e+00   -5.465066e+00    1.512846e-03
              67   -5.483411e+00   -5.465339e+00    1.514842e-03
              68   -5.450715e+00   -5.465124e+00    1.507753e-03
              69   -5.463827e+00   -5.465106e+00    1.486019e-03
              70   -5.463706e+00   -5.465086e+00    1.464925e-03
              71   -5.463241e+00   -5.465060e+00    1.444522e-03
              72   -5.458354e+00   -5.464966e+00    1.427458e-03
              73   -5.448749e+00   -5.464744e+00    1.425087e-03
              74   -5.488485e+00   -5.465065e+00    1.441489e-03
              75   -5.476954e+00   -5.465224e+00    1.430959e-03
              76   -5.470821e+00   -5.465297e+00    1.414024e-03
              77   -5.472645e+00   -5.465393e+00    1.398876e-03
              78   -5.461598e+00   -5.465344e+00    1.381788e-03
              79   -5.465869e+00   -5.465351e+00    1.364313e-03
              80   -5.470666e+00   -5.465417e+00    1.348876e-03
              81   -5.461704e+00   -5.465371e+00    1.333001e-03
              82   -5.463174e+00   -5.465345e+00    1.317015e-03
              83   -5.470333e+00   -5.465405e+00    1.302518e-03
              84   -5.484358e+00   -5.465630e+00    1.306408e-03
              85   -5.460510e+00   -5.465570e+00    1.292427e-03
              86   -5.473224e+00   -5.465659e+00    1.280459e-03
              87   -5.468076e+00   -5.465687e+00    1.266043e-03
              88   -5.460990e+00   -5.465633e+00    1.252780e-03
              89   -5.443895e+00   -5.465389e+00    1.262291e-03
              90   -5.465910e+00   -5.465395e+00    1.248279e-03
              91   -5.495123e+00   -5.465722e+00    1.276592e-03
              92   -5.444399e+00   -5.465490e+00    1.283582e-03
              93   -5.463663e+00   -5.465470e+00    1.269931e-03
              94   -5.465874e+00   -5.465475e+00    1.256428e-03
              95   -5.460004e+00   -5.465417e+00    1.244521e-03
              96   -5.460599e+00   -5.465367e+00    1.232569e-03
              97   -5.467969e+00   -5.465394e+00    1.220154e-03
              98   -5.462186e+00   -5.465361e+00    1.208143e-03
              99   -5.444422e+00   -5.465149e+00    1.214312e-03
             100   -5.471150e+00   -5.465209e+00    1.203651e-03
             101   -5.484504e+00   -5.465400e+00    1.206798e-03
             102   -5.429685e+00   -5.465050e+00    1.244728e-03
             103   -5.460581e+00   -5.465007e+00    1.233400e-03
             104   -5.460125e+00   -5.464960e+00    1.222433e-03
             105   -5.448360e+00   -5.464802e+00    1.220971e-03
             106   -5.462721e+00   -5.464782e+00    1.209611e-03
             107   -5.465586e+00   -5.464790e+00    1.198329e-03
             108   -5.450693e+00   -5.464659e+00    1.194321e-03
             109   -5.455585e+00   -5.464576e+00    1.186262e-03
             110   -5.462104e+00   -5.464553e+00    1.175690e-03
             111   -5.469813e+00   -5.464601e+00    1.166053e-03
             112   -5.447027e+00   -5.464444e+00    1.166151e-03
             113   -5.447331e+00   -5.464292e+00    1.165623e-03
             114   -5.451025e+00   -5.464176e+00    1.161193e-03
             115   -5.449904e+00   -5.464052e+00    1.157709e-03
             116   -5.484660e+00   -5.464230e+00    1.161280e-03
             117   -5.459343e+00   -5.464188e+00    1.152106e-03
             118   -5.476781e+00   -5.464295e+00    1.147274e-03
             119   -5.459456e+00   -5.464254e+00    1.138354e-03
             120   -5.469679e+00   -5.464299e+00    1.129765e-03
             121   -5.474644e+00   -5.464385e+00    1.123658e-03
             122   -5.464793e+00   -5.464388e+00    1.114453e-03
             123   -5.437375e+00   -5.464168e+00    1.126823e-03
             124   -5.460566e+00   -5.464139e+00    1.118110e-03
             125   -5.462538e+00   -5.464127e+00    1.109239e-03
             126   -5.448828e+00   -5.464005e+00    1.107060e-03
             127   -5.474502e+00   -5.464088e+00    1.101424e-03
             128   -5.486456e+00   -5.464263e+00    1.106596e-03
             129   -5.479890e+00   -5.464384e+00    1.104628e-03
             130   -5.489914e+00   -5.464580e+00    1.113452e-03
             131   -5.467579e+00   -5.464603e+00    1.105187e-03
             132   -5.460298e+00   -5.464570e+00    1.097296e-03
             133   -5.469576e+00   -5.464608e+00    1.089691e-03
             134   -5.464821e+00   -5.464610e+00    1.081560e-03
             135   -5.480531e+00   -5.464727e+00    1.079959e-03
             136   -5.454782e+00   -5.464654e+00    1.074491e-03
             137   -5.481793e+00   -5.464779e+00    1.073906e-03
             138   -5.459700e+00   -5.464743e+00    1.066755e-03
             139   -5.465862e+00   -5.464751e+00    1.059111e-03
             140   -5.456672e+00   -5.464693e+00    1.053116e-03
             141   -5.456449e+00   -5.464635e+00    1.047269e-03
             142   -5.470659e+00   -5.464677e+00    1.040753e-03
             143   -5.474531e+00   -5.464746e+00    1.035754e-03
             144   -5.458250e+00   -5.464701e+00    1.029543e-03
             145   -5.457624e+00   -5.464652e+00    1.023599e-03
             146   -5.460582e+00   -5.464624e+00    1.016967e-03
             147   -5.463181e+00   -5.464614e+00    1.010096e-03
             148   -5.471302e+00   -5.464659e+00    1.004282e-03
             149   -5.450781e+00   -5.464566e+00    1.001852e-03
             150   -5.436853e+00   -5.464382e+00    1.012065e-03
             151   -5.450509e+00   -5.464290e+00    1.009524e-03
             152   -5.464534e+00   -5.464291e+00    1.002883e-03
             153   -5.463469e+00   -5.464286e+00    9.963429e-04
             154   -5.466015e+00   -5.464297e+00    9.899364e-04
             155   -5.450588e+00   -5.464209e+00    9.874929e-04
             156   -5.456494e+00   -5.464159e+00    9.824002e-04
             157   -5.467302e+00   -5.464179e+00    9.763468e-04
             158   -5.459260e+00   -5.464148e+00    9.706637e-04
             159   -5.461412e+00   -5.464131e+00    9.647114e-04
             160   -5.450878e+00   -5.464048e+00    9.622312e-04
             161   -5.466443e+00   -5.464063e+00    9.563696e-04
             162   -5.479080e+00   -5.464156e+00    9.549480e-04
             163   -5.480536e+00   -5.464256e+00    9.543624e-04
             164   -5.469726e+00   -5.464290e+00    9.491257e-04
             165   -5.445208e+00   -5.464174e+00    9.503929e-04
             166   -5.488811e+00   -5.464322e+00    9.561862e-04
             167   -5.469503e+00   -5.464353e+00    9.509636e-04
             168   -5.476532e+00   -5.464426e+00    9.480619e-04
             169   -5.450191e+00   -5.464342e+00    9.461864e-04
             170   -5.474618e+00   -5.464402e+00    9.425496e-04
             171   -5.455715e+00   -5.464351e+00    9.384057e-04
             172   -5.461579e+00   -5.464335e+00    9.330883e-04
             173   -5.485180e+00   -5.464456e+00    9.354419e-04
             174   -5.456389e+00   -5.464409e+00    9.312139e-04
             175   -5.439787e+00   -5.464269e+00    9.364618e-04
             176   -5.473922e+00   -5.464323e+00    9.327459e-04
             177   -5.469446e+00   -5.464352e+00    9.279251e-04
             178   -5.458813e+00   -5.464321e+00    9.232337e-04
             179   -5.469749e+00   -5.464352e+00    9.185739e-04
             180   -5.460152e+00   -5.464328e+00    9.137669e-04
             181   -5.489741e+00   -5.464469e+00    9.194414e-04
             182   -5.471534e+00   -5.464507e+00    9.152087e-04
             183   -5.456680e+00   -5.464465e+00    9.112063e-04
             184   -5.485564e+00   -5.464579e+00    9.134407e-04
             185   -5.465620e+00   -5.464585e+00    9.085206e-04
             186   -5.469620e+00   -5.464612e+00    9.040392e-04
             187   -5.465976e+00   -5.464619e+00    8.992342e-04
             188   -5.453231e+00   -5.464559e+00    8.964889e-04
             189   -5.457545e+00   -5.464522e+00    8.925132e-04
             190   -5.483416e+00   -5.464621e+00    8.933388e-04
             191   -5.474396e+00   -5.464672e+00    8.901262e-04
             192   -5.459247e+00   -5.464644e+00    8.859385e-04
             193   -5.463590e+00   -5.464639e+00    8.813650e-04
             194   -5.483764e+00   -5.464737e+00    8.823184e-04
             195   -5.475041e+00   -5.464790e+00    8.793746e-04
             196   -5.465889e+00   -5.464796e+00    8.749059e-04
             197   -5.479180e+00   -5.464869e+00    8.735062e-04
             198   -5.447439e+00   -5.464781e+00    8.735190e-04
             199   -5.439900e+00   -5.464656e+00    8.780317e-04
             200   -5.471009e+00   -5.464687e+00    8.742161e-04
             201   -5.479288e+00   -5.464760e+00    8.728795e-04
             202   -5.464956e+00   -5.464761e+00    8.685589e-04
             203   -5.474258e+00   -5.464808e+00    8.655394e-04
             204   -5.478382e+00   -5.464874e+00    8.638506e-04
             205   -5.462011e+00   -5.464860e+00    8.597496e-04
             206   -5.459766e+00   -5.464836e+00    8.559316e-04
             207   -5.469135e+00   -5.464856e+00    8.520486e-04
             208   -5.470918e+00   -5.464885e+00    8.484505e-04
             209   -5.446794e+00   -5.464799e+00    8.487953e-04
             210   -5.453900e+00   -5.464747e+00    8.463386e-04
             211   -5.475718e+00   -5.464799e+00    8.439231e-04
             212   -5.461781e+00   -5.464785e+00    8.400624e-04
             213   -5.462482e+00   -5.464774e+00    8.361880e-04
             214   -5.452568e+00   -5.464717e+00    8.342237e-04
             215   -5.475066e+00   -5.464765e+00    8.317310e-04
             216   -5.472311e+00   -5.464800e+00    8.286138e-04
             217   -5.465623e+00   -5.464804e+00    8.248040e-04
             218   -5.449039e+00   -5.464731e+00    8.241845e-04
             219   -5.464897e+00   -5.464732e+00    8.204215e-04
             220   -5.471947e+00   -5.464765e+00    8.173476e-04
             221   -5.455858e+00   -5.464725e+00    8.146423e-04
             222   -5.463982e+00   -5.464721e+00    8.109796e-04
             223   -5.457580e+00   -5.464689e+00    8.079749e-04
             224   -5.475028e+00   -5.464735e+00    8.056850e-04
             225   -5.450461e+00   -5.464672e+00    8.045982e-04
             226   -5.455565e+00   -5.464632e+00    8.020463e-04
             227   -5.485406e+00   -5.464723e+00    8.037175e-04
             228   -5.449431e+00   -5.464656e+00    8.029861e-04
             229   -5.460868e+00   -5.464640e+00    7.996500e-04
             230   -5.481451e+00   -5.464713e+00    7.995069e-04
             231   -5.465219e+00   -5.464715e+00    7.960489e-04
             232   -5.461198e+00   -5.464700e+00    7.927619e-04
             233   -5.473000e+00   -5.464735e+00    7.901596e-04
             234   -5.469444e+00   -5.464756e+00    7.870391e-04
             235   -5.460808e+00   -5.464739e+00    7.838692e-04
             236   -5.487192e+00   -5.464834e+00    7.863002e-04
             237   -5.450039e+00   -5.464771e+00    7.854565e-04
             238   -5.476148e+00   -5.464819e+00    7.836094e-04
             239   -5.464919e+00   -5.464820e+00    7.803308e-04
             240   -5.479755e+00   -5.464882e+00    7.795569e-04
             241   -5.458528e+00   -5.464856e+00    7.767680e-04
             242   -5.465251e+00   -5.464857e+00    7.735599e-04
             243   -5.473172e+00   -5.464891e+00    7.711330e-04
             244   -5.440297e+00   -5.464791e+00    7.745325e-04
             245   -5.487621e+00   -5.464884e+00    7.769566e-04
             246   -5.455857e+00   -5.464847e+00    7.746642e-04
             247   -5.482454e+00   -5.464918e+00    7.748007e-04
             248   -5.459654e+00   -5.464897e+00    7.719672e-04
             249   -5.441022e+00   -5.464801e+00    7.747988e-04
             250   -5.458196e+00   -5.464775e+00    7.721500e-04
