#         BLOCK:      ACTUAL_PE:         PE_AVE:          ERROR:
               1    1.300049e+00    1.300049e+00    0.000000e+00
               2    1.474047e+00    1.387048e+00    6.151759e-02
               3    1.480320e+00    1.418139e+00    4.823245e-02
               4    1.319535e+00    1.393488e+00    4.200401e-02
               5    1.386713e+00    1.392133e+00    3.362505e-02
               6    1.438857e+00    1.399920e+00    2.890856e-02
               7    1.303668e+00    1.386170e+00    2.785763e-02
               8    1.424373e+00    1.390945e+00    2.478134e-02
               9    1.516070e+00    1.404848e+00    2.563274e-02
              10    1.348966e+00    1.399260e+00    2.367077e-02
              11    1.433307e+00    1.402355e+00    2.172030e-02
              12    1.416011e+00    1.403493e+00    1.994006e-02
              13    1.348789e+00    1.399285e+00    1.884499e-02
              14    1.402940e+00    1.399546e+00    1.750073e-02
              15    1.443509e+00    1.402477e+00    1.657761e-02
              16    1.275776e+00    1.394558e+00    1.732994e-02
              17    1.353770e+00    1.392159e+00    1.647578e-02
              18    1.329166e+00    1.388659e+00    1.592780e-02
              19    1.352793e+00    1.386771e+00    1.520094e-02
              20    1.292374e+00    1.382052e+00    1.515595e-02
              21    1.418077e+00    1.383767e+00    1.453100e-02
              22    1.343619e+00    1.381942e+00    1.398462e-02
              23    1.439100e+00    1.384427e+00    1.359561e-02
              24    1.341403e+00    1.382635e+00    1.314679e-02
              25    1.293276e+00    1.379060e+00    1.309780e-02
              26    1.381072e+00    1.379138e+00    1.259427e-02
              27    1.282281e+00    1.375550e+00    1.262838e-02
              28    1.366546e+00    1.375229e+00    1.218146e-02
              29    1.380821e+00    1.375422e+00    1.176293e-02
              30    1.479570e+00    1.378893e+00    1.187207e-02
              31    1.291852e+00    1.376085e+00    1.181646e-02
              32    1.293635e+00    1.373509e+00    1.172474e-02
              33    1.464666e+00    1.376271e+00    1.169033e-02
              34    1.331865e+00    1.374965e+00    1.141922e-02
              35    1.463992e+00    1.377509e+00    1.137272e-02
              36    1.338101e+00    1.376414e+00    1.110937e-02
              37    1.396210e+00    1.376949e+00    1.082199e-02
              38    1.366112e+00    1.376664e+00    1.054096e-02
              39    1.400649e+00    1.377279e+00    1.028860e-02
              40    1.306888e+00    1.375519e+00    1.018077e-02
              41    1.408799e+00    1.376331e+00    9.964766e-03
              42    1.490459e+00    1.379048e+00    1.009121e-02
              43    1.395900e+00    1.379440e+00    9.864136e-03
              44    1.458381e+00    1.381234e+00    9.801751e-03
              45    1.380626e+00    1.381221e+00    9.583944e-03
              46    1.359894e+00    1.380757e+00    9.386804e-03
              47    1.509335e+00    1.383493e+00    9.577441e-03
              48    1.306933e+00    1.381898e+00    9.509797e-03
              49    1.411872e+00    1.382510e+00    9.335373e-03
              50    1.460276e+00    1.384065e+00    9.277324e-03
              51    1.435532e+00    1.385074e+00    9.150138e-03
              52    1.448799e+00    1.386299e+00    9.055866e-03
              53    1.515735e+00    1.388742e+00    9.208417e-03
              54    1.426075e+00    1.389433e+00    9.063806e-03
              55    1.456516e+00    1.390653e+00    8.980700e-03
              56    1.447349e+00    1.391665e+00    8.877216e-03
              57    1.418941e+00    1.392144e+00    8.734363e-03
              58    1.394578e+00    1.392186e+00    8.583872e-03
              59    1.329808e+00    1.391128e+00    8.503242e-03
              60    1.457567e+00    1.392236e+00    8.433311e-03
              61    1.445248e+00    1.393105e+00    8.339718e-03
              62    1.503032e+00    1.394878e+00    8.391561e-03
              63    1.262892e+00    1.392783e+00    8.515866e-03
              64    1.394484e+00    1.392809e+00    8.382847e-03
              65    1.443989e+00    1.393597e+00    8.290776e-03
              66    1.393523e+00    1.393596e+00    8.165158e-03
              67    1.314311e+00    1.392412e+00    8.128587e-03
              68    1.455327e+00    1.393337e+00    8.061532e-03
              69    1.405681e+00    1.393516e+00    7.946683e-03
              70    1.363391e+00    1.393086e+00    7.844804e-03
              71    1.385036e+00    1.392973e+00    7.735133e-03
              72    1.450663e+00    1.393774e+00    7.669088e-03
              73    1.479135e+00    1.394943e+00    7.652660e-03
              74    1.271257e+00    1.393272e+00    7.729623e-03
              75    1.314527e+00    1.392222e+00    7.697537e-03
              76    1.352884e+00    1.391704e+00    7.613636e-03
              77    1.361906e+00    1.391317e+00    7.524587e-03
              78    1.398736e+00    1.391412e+00    7.428719e-03
              79    1.401824e+00    1.391544e+00    7.335853e-03
              80    1.406141e+00    1.391727e+00    7.246424e-03
              81    1.434086e+00    1.392250e+00    7.175807e-03
              82    1.408090e+00    1.392443e+00    7.090897e-03
              83    1.362317e+00    1.392080e+00    7.014748e-03
              84    1.282948e+00    1.390781e+00    7.050522e-03
              85    1.403121e+00    1.390926e+00    6.969069e-03
              86    1.364168e+00    1.390615e+00    6.894976e-03
              87    1.361984e+00    1.390286e+00    6.823572e-03
              88    1.420787e+00    1.390632e+00    6.754828e-03
              89    1.506264e+00    1.391931e+00    6.802733e-03
              90    1.407304e+00    1.392102e+00    6.729291e-03
              91    1.243089e+00    1.390465e+00    6.851683e-03
              92    1.511303e+00    1.391778e+00    6.901955e-03
              93    1.386127e+00    1.391717e+00    6.828007e-03
              94    1.425802e+00    1.392080e+00    6.764990e-03
              95    1.425363e+00    1.392430e+00    6.702845e-03
              96    1.398049e+00    1.392489e+00    6.633280e-03
              97    1.400378e+00    1.392570e+00    6.565394e-03
              98    1.389305e+00    1.392537e+00    6.498484e-03
              99    1.479421e+00    1.393414e+00    6.491834e-03
             100    1.383683e+00    1.393317e+00    6.427645e-03
             101    1.292192e+00    1.392316e+00    6.441515e-03
             102    1.594737e+00    1.394300e+00    6.677067e-03
             103    1.443897e+00    1.394782e+00    6.629581e-03
             104    1.404420e+00    1.394875e+00    6.566483e-03
             105    1.467778e+00    1.395569e+00    6.540549e-03
             106    1.375907e+00    1.395383e+00    6.481476e-03
             107    1.412481e+00    1.395543e+00    6.422870e-03
             108    1.458905e+00    1.396130e+00    6.390138e-03
             109    1.421272e+00    1.396361e+00    6.335674e-03
             110    1.414987e+00    1.396530e+00    6.280340e-03
             111    1.386145e+00    1.396436e+00    6.224457e-03
             112    1.467405e+00    1.397070e+00    6.201050e-03
             113    1.479556e+00    1.397800e+00    6.188988e-03
             114    1.519689e+00    1.398869e+00    6.226371e-03
             115    1.474288e+00    1.399525e+00    6.206671e-03
             116    1.292372e+00    1.398601e+00    6.221525e-03
             117    1.374505e+00    1.398395e+00    6.171757e-03
             118    1.323169e+00    1.397758e+00    6.152292e-03
             119    1.424736e+00    1.397985e+00    6.104767e-03
             120    1.366744e+00    1.397724e+00    6.059443e-03
             121    1.356628e+00    1.397385e+00    6.018876e-03
             122    1.374872e+00    1.397200e+00    5.972369e-03
             123    1.528111e+00    1.398264e+00    6.017900e-03
             124    1.417903e+00    1.398423e+00    5.971452e-03
             125    1.382920e+00    1.398299e+00    5.924968e-03
             126    1.482484e+00    1.398967e+00    5.915496e-03
             127    1.336288e+00    1.398473e+00    5.889469e-03
             128    1.282284e+00    1.397566e+00    5.912997e-03
             129    1.331423e+00    1.397053e+00    5.889348e-03
             130    1.254515e+00    1.395956e+00    5.945235e-03
             131    1.358884e+00    1.395673e+00    5.906583e-03
             132    1.421237e+00    1.395867e+00    5.865010e-03
             133    1.392416e+00    1.395841e+00    5.820970e-03
             134    1.400582e+00    1.395876e+00    5.777637e-03
             135    1.315550e+00    1.395281e+00    5.765397e-03
             136    1.462611e+00    1.395777e+00    5.744221e-03
             137    1.303831e+00    1.395105e+00    5.741365e-03
             138    1.438412e+00    1.395419e+00    5.708331e-03
             139    1.393726e+00    1.395407e+00    5.667277e-03
             140    1.430780e+00    1.395660e+00    5.632426e-03
             141    1.433864e+00    1.395931e+00    5.598993e-03
             142    1.351572e+00    1.395618e+00    5.568271e-03
             143    1.367909e+00    1.395425e+00    5.532702e-03
             144    1.425127e+00    1.395631e+00    5.498125e-03
             145    1.439784e+00    1.395935e+00    5.468632e-03
             146    1.429762e+00    1.396167e+00    5.436082e-03
             147    1.416526e+00    1.396305e+00    5.400865e-03
             148    1.371182e+00    1.396136e+00    5.367040e-03
             149    1.492955e+00    1.396786e+00    5.370211e-03
             150    1.557787e+00    1.397859e+00    5.440617e-03
             151    1.484314e+00    1.398431e+00    5.434630e-03
             152    1.408593e+00    1.398498e+00    5.399287e-03
             153    1.404321e+00    1.398536e+00    5.364132e-03
             154    1.362259e+00    1.398301e+00    5.334470e-03
             155    1.439699e+00    1.398568e+00    5.306736e-03
             156    1.444229e+00    1.398861e+00    5.280784e-03
             157    1.400985e+00    1.398874e+00    5.247166e-03
             158    1.412618e+00    1.398961e+00    5.214677e-03
             159    1.403701e+00    1.398991e+00    5.181965e-03
             160    1.454636e+00    1.399339e+00    5.161235e-03
             161    1.397715e+00    1.399329e+00    5.129188e-03
             162    1.345700e+00    1.398998e+00    5.108198e-03
             163    1.309085e+00    1.398446e+00    5.106556e-03
             164    1.343977e+00    1.398114e+00    5.086207e-03
             165    1.498904e+00    1.398725e+00    5.091931e-03
             166    1.258946e+00    1.397883e+00    5.130408e-03
             167    1.370486e+00    1.397719e+00    5.102309e-03
             168    1.354355e+00    1.397460e+00    5.078463e-03
             169    1.461341e+00    1.397838e+00    5.062460e-03
             170    1.354617e+00    1.397584e+00    5.039061e-03
             171    1.453742e+00    1.397913e+00    5.020283e-03
             172    1.416551e+00    1.398021e+00    4.992265e-03
             173    1.283634e+00    1.397360e+00    5.007002e-03
             174    1.428815e+00    1.397541e+00    4.981488e-03
             175    1.534416e+00    1.398323e+00    5.014049e-03
             176    1.377703e+00    1.398206e+00    4.986929e-03
             177    1.366703e+00    1.398028e+00    4.961929e-03
             178    1.418850e+00    1.398145e+00    4.935432e-03
             179    1.409383e+00    1.398207e+00    4.908259e-03
             180    1.413086e+00    1.398290e+00    4.881687e-03
             181    1.272852e+00    1.397597e+00    4.903662e-03
             182    1.362214e+00    1.397403e+00    4.880571e-03
             183    1.406779e+00    1.397454e+00    4.854170e-03
             184    1.281630e+00    1.396824e+00    4.868432e-03
             185    1.385053e+00    1.396761e+00    4.842532e-03
             186    1.329389e+00    1.396398e+00    4.830024e-03
             187    1.392060e+00    1.396375e+00    4.804251e-03
             188    1.454437e+00    1.396684e+00    4.788613e-03
             189    1.438590e+00    1.396906e+00    4.768406e-03
             190    1.309432e+00    1.396445e+00    4.765483e-03
             191    1.365792e+00    1.396285e+00    4.743234e-03
             192    1.436580e+00    1.396495e+00    4.723170e-03
             193    1.404001e+00    1.396534e+00    4.698858e-03
             194    1.289461e+00    1.395982e+00    4.706939e-03
             195    1.343882e+00    1.395715e+00    4.690378e-03
             196    1.372347e+00    1.395595e+00    4.667963e-03
             197    1.307575e+00    1.395149e+00    4.665602e-03
             198    1.482792e+00    1.395591e+00    4.662988e-03
             199    1.522179e+00    1.396227e+00    4.682745e-03
             200    1.378609e+00    1.396139e+00    4.660160e-03
             201    1.303367e+00    1.395678e+00    4.659775e-03
             202    1.397024e+00    1.395684e+00    4.636712e-03
             203    1.337957e+00    1.395400e+00    4.622583e-03
             204    1.332792e+00    1.395093e+00    4.610100e-03
             205    1.387690e+00    1.395057e+00    4.587753e-03
             206    1.417491e+00    1.395166e+00    4.566775e-03
             207    1.404944e+00    1.395213e+00    4.544957e-03
             208    1.387130e+00    1.395174e+00    4.523273e-03
             209    1.529773e+00    1.395818e+00    4.547246e-03
             210    1.460037e+00    1.396124e+00    4.535863e-03
             211    1.332192e+00    1.395821e+00    4.524475e-03
             212    1.435800e+00    1.396010e+00    4.507062e-03
             213    1.369796e+00    1.395887e+00    4.487581e-03
             214    1.436466e+00    1.396076e+00    4.470616e-03
             215    1.326869e+00    1.395754e+00    4.461396e-03
             216    1.320758e+00    1.395407e+00    4.454231e-03
             217    1.407069e+00    1.395461e+00    4.434029e-03
             218    1.477943e+00    1.395839e+00    4.429803e-03
             219    1.414242e+00    1.395923e+00    4.410372e-03
             220    1.367930e+00    1.395796e+00    4.392160e-03
             221    1.438181e+00    1.395988e+00    4.376471e-03
             222    1.408068e+00    1.396042e+00    4.357096e-03
             223    1.433433e+00    1.396210e+00    4.340782e-03
             224    1.355550e+00    1.396028e+00    4.325197e-03
             225    1.479963e+00    1.396401e+00    4.322032e-03
             226    1.422046e+00    1.396515e+00    4.304397e-03
             227    1.298432e+00    1.396083e+00    4.307067e-03
             228    1.460648e+00    1.396366e+00    4.297475e-03
             229    1.413922e+00    1.396443e+00    4.279393e-03
             230    1.314193e+00    1.396085e+00    4.275702e-03
             231    1.373413e+00    1.395987e+00    4.258319e-03
             232    1.391014e+00    1.395965e+00    4.240018e-03
             233    1.363296e+00    1.395825e+00    4.224139e-03
             234    1.356101e+00    1.395655e+00    4.209496e-03
             235    1.380306e+00    1.395590e+00    4.192090e-03
             236    1.279359e+00    1.395098e+00    4.203158e-03
             237    1.459344e+00    1.395369e+00    4.194156e-03
             238    1.359108e+00    1.395216e+00    4.179300e-03
             239    1.409644e+00    1.395277e+00    4.162249e-03
             240    1.316393e+00    1.394948e+00    4.157864e-03
             241    1.442950e+00    1.395147e+00    4.145379e-03
             242    1.438995e+00    1.395328e+00    4.132208e-03
             243    1.336123e+00    1.395085e+00    4.122379e-03
             244    1.556137e+00    1.395745e+00    4.157990e-03
             245    1.269910e+00    1.395231e+00    4.172620e-03
             246    1.460683e+00    1.395497e+00    4.164132e-03
             247    1.313365e+00    1.395165e+00    4.160528e-03
             248    1.419155e+00    1.395261e+00    4.144877e-03
             249    1.532373e+00    1.395812e+00    4.164647e-03
             250    1.419579e+00    1.395907e+00    4.149073e-03
