5.10574 0
5.1656 0.0598636
5.03819 0.13202
5.01007 0.0974933
5.03482 0.0794687
5.03522 0.0648872
4.99855 0.0659707
5.00394 0.0573856
5.00603 0.0506525
5.01499 0.046183
5.00392 0.0432167
5.01473 0.0409046
5.00474 0.0389304
4.98897 0.0393397
4.98995 0.0366365
5.00141 0.0361328
5.01165 0.0354533
5.01657 0.0337853
5.02091 0.0322517
5.01579 0.0310222
5.01801 0.0295912
5.01589 0.0282933
5.00957 0.0277639
5.01047 0.026597
5.01616 0.0261383
5.00249 0.0285923
5.00336 0.0275265
4.99853 0.0269614
5.00016 0.0260662
4.99794 0.0252805
4.99012 0.0256689
4.98521 0.025334
4.98138 0.0248515
4.97664 0.0245723
4.97686 0.0238609
4.97601 0.0232041
4.97453 0.0226167
4.98278 0.0235078
4.98304 0.0228986
4.98278 0.0223204
4.98865 0.0225484
4.98734 0.022044
4.99427 0.0226142
4.99641 0.0221975
4.99209 0.0221239
4.98729 0.0221654
4.98864 0.0217309
4.98725 0.0213185
4.98669 0.0208866
4.98352 0.0207076
4.9881 0.0208075
4.98586 0.0205264
4.98198 0.020505
4.98159 0.0201255
4.98269 0.0197867
4.98323 0.0194376
4.98371 0.0190995
4.98969 0.0196968
4.99227 0.0195312
4.9933 0.019231
4.99262 0.0189255
4.99273 0.018618
4.99528 0.0184979
4.99701 0.0182883
4.99491 0.0181268
4.998 0.0181154
4.99764 0.0178466
5.00064 0.0178353
5.00067 0.0175749
5.0029 0.0174649
5.00349 0.0172273
5.00545 0.0170988
5.00317 0.0170168
5.00407 0.0168095
5.00551 0.0166466
5.00147 0.0169161
5.00015 0.0167469
5.00222 0.0166602
5.00119 0.0164804
5.00032 0.0162965
4.99908 0.0161415
4.99852 0.0159534
4.99681 0.0158522
4.9981 0.0157157
4.99854 0.0155358
4.99867 0.0153546
5.00016 0.0152501
4.99934 0.0150978
4.99754 0.0150362
4.99869 0.014913
4.99654 0.0149048
4.9967 0.0147429
4.99654 0.0145844
4.99536 0.0144762
4.99593 0.0143342
4.99609 0.0141851
4.99533 0.0140588
4.99673 0.0139848
4.99566 0.0138842
4.99369 0.0138853
4.99383 0.0137479
4.99507 0.013669
4.99627 0.0135885
4.99757 0.0135202
4.99868 0.0134367
4.99789 0.0133331
4.99763 0.0132104
4.99567 0.0132343
4.99459 0.013156
4.99571 0.013084
4.99715 0.0130447
4.99874 0.0130255
4.99856 0.0129111
4.9981 0.0128056
4.99966 0.0127892
4.99875 0.0127107
4.99844 0.0126054
4.99893 0.0125078
5.00224 0.0128363
5.00424 0.0128849
5.00491 0.0127951
5.00525 0.0126945
5.00555 0.0125943
5.0062 0.0125093
5.00582 0.0124146
5.00496 0.0123456
5.00421 0.0122709
5.00469 0.0121841
5.00596 0.0121554
5.00382 0.0122486
5.00462 0.012181
5.00429 0.0120929
5.00366 0.0120182
5.0035 0.0119291
5.00456 0.0118877
5.00418 0.0118063
5.00377 0.0117269
5.00376 0.0116416
5.00347 0.0115613
5.00357 0.0114789
5.00332 0.0114
5.00263 0.0113408
5.00348 0.0112934
5.00297 0.0112262
5.00335 0.0111549
5.00359 0.0110808
5.00245 0.0110641
5.00043 0.0111729
5.00142 0.011142
4.99949 0.0112353
4.99891 0.0111755
4.99875 0.0111029
4.99992 0.0110915
4.99809 0.0111705
4.99937 0.0111725
4.99982 0.0111098
4.99994 0.0110395
5.00062 0.0109906
5.00185 0.0109903
5.00093 0.0109603
4.99907 0.0110505
4.99895 0.0109827
5.00089 0.0110857
5.0007 0.0110194
5.00161 0.0109905
5.00179 0.0109254
5.00207 0.0108636
5.00253 0.0108085
5.00327 0.01077
5.00356 0.0107102
5.00304 0.0106597
5.0027 0.0106032
5.0016 0.0105986
5.00258 0.0105822
5.00189 0.0105437
5.00077 0.0105433
5.00074 0.0104837
5.00097 0.0104271
5.00185 0.0104061
5.00228 0.0103569
5.00312 0.0103342
5.00265 0.010288
5.00265 0.0102317
5.00318 0.0101897
5.00352 0.0101404
5.00378 0.0100889
5.00285 0.0100771
5.00159 0.0101026
5.00028 0.0101345
4.999 0.0101621
4.99825 0.0101361
4.9979 0.0100893
4.99764 0.0100402
4.99637 0.0100693
4.99706 0.0100416
4.99724 0.00999179
4.99839 0.0100067
4.99771 0.00997882
4.99828 0.00994469
4.9987 0.00990372
