15.259 0 5.33735 0
15.0318 0.227152 5.44077 0.103423
15.0444 0.131741 5.45843 0.0622663
15.0771 0.0987525 5.43625 0.0492979
15.0585 0.0787414 5.46637 0.0486349
15.0358 0.0681798 5.4526 0.0420304
14.9689 0.0882649 5.46538 0.0377496
14.9541 0.0778587 5.48382 0.0375343
14.999 0.0820531 5.47612 0.0339842
14.9999 0.0733959 5.46448 0.0325488
15.0043 0.0665359 5.45689 0.0304058
15.0189 0.0624584 5.44109 0.0319392
14.9936 0.062763 5.44804 0.0301913
15.0148 0.0618365 5.43878 0.0294464
15.0105 0.0577222 5.44052 0.0274682
14.9959 0.0559329 5.44611 0.0262958
15.0041 0.0531693 5.44022 0.025392
14.9854 0.0534973 5.45553 0.0284139
14.972 0.0523611 5.45109 0.0272416
14.973 0.0496846 5.45013 0.0258612
14.9771 0.0474376 5.44049 0.0264222
14.9653 0.0467488 5.44206 0.0252416
14.9848 0.048764 5.43734 0.0245764
14.9869 0.0467334 5.43573 0.0235852
14.9958 0.0457126 5.43734 0.0226795
14.9983 0.0439869 5.43895 0.0218486
14.997 0.0423456 5.44175 0.02121
14.996 0.0408176 5.44511 0.020713
15.0074 0.0410031 5.44135 0.0203368
15.0097 0.0396811 5.43965 0.0197202
15.0141 0.0386281 5.44007 0.0190779
15.0181 0.037612 5.43505 0.0191419
15.0234 0.0368336 5.43451 0.0185607
15.0241 0.0357425 5.4327 0.0180973
15.0241 0.0347064 5.43485 0.0177037
15.0288 0.0340644 5.43899 0.0176973
15.0236 0.0335499 5.43848 0.0172201
15.021 0.0327518 5.43781 0.016774
15.0175 0.0320998 5.4386 0.0163572
15.0075 0.032846 5.4374 0.0159883
15.0121 0.0323626 5.433 0.0162001
15.0157 0.0317871 5.43465 0.0158955
15.0147 0.031055 5.43763 0.0158046
15.0114 0.0305131 5.43759 0.0154412
15.0087 0.029957 5.43911 0.0151709
15.0046 0.0295717 5.44088 0.0149428
14.9981 0.0296633 5.44429 0.015014
15.0006 0.029144 5.4414 0.0149804
15.0058 0.0290111 5.43846 0.014962
14.9996 0.0290944 5.44099 0.0148757
15.0014 0.0285752 5.44152 0.0145908
15.0012 0.028021 5.44169 0.0143084
14.9987 0.0275976 5.43943 0.0142171
14.9974 0.0271133 5.44017 0.0139712
14.9992 0.0266778 5.44031 0.0137156
15 0.0262087 5.43592 0.0141652
15.0028 0.0258997 5.43397 0.0140514
15.0035 0.0254576 5.43684 0.0141034
15.0021 0.0250594 5.43619 0.0138777
14.9995 0.0247775 5.43544 0.0136651
14.9954 0.0247191 5.43769 0.0136265
15.0002 0.0247858 5.43696 0.0134248
14.9984 0.0244532 5.43536 0.0133067
14.9997 0.0241041 5.43446 0.0131277
15.0029 0.0239391 5.43571 0.0129842
15.0057 0.0237435 5.43447 0.0128457
15.0021 0.0236629 5.43717 0.0129368
15.0035 0.0233525 5.43824 0.01279
15.0082 0.0234899 5.4368 0.0126847
15.005 0.0233734 5.43699 0.0125036
15.0069 0.0231218 5.43603 0.012363
15.0022 0.0232664 5.43767 0.0123002
15.0039 0.0230073 5.43855 0.0121622
15.0042 0.0226961 5.43892 0.0120025
15.002 0.0224999 5.44179 0.0121822
15.0011 0.0222192 5.44314 0.0120963
14.9988 0.022047 5.44463 0.0120311
14.998 0.0217792 5.44722 0.0121563
14.9972 0.0215163 5.4472 0.0120014
15.0008 0.0215526 5.44516 0.0120257
14.9989 0.0213721 5.44717 0.0120463
15.0009 0.0211998 5.44826 0.0119484
15.004 0.0211842 5.44811 0.0118045
15.0032 0.0209472 5.44842 0.0116673
15.0049 0.0207702 5.44892 0.01154
15.0031 0.0206097 5.45082 0.0115611
15.0029 0.0203723 5.45034 0.0114374
15.0003 0.0203012 5.45153 0.0113696
15.0009 0.0200788 5.45246 0.011279
14.9986 0.0199879 5.45286 0.0111603
14.9981 0.019772 5.45259 0.0110404
15.0001 0.0196583 5.45225 0.0109251
15.0005 0.0194489 5.45149 0.0108339
15.0011 0.0192503 5.45238 0.0107549
14.9981 0.019279 5.45444 0.0108397
15.0008 0.0192681 5.45496 0.0107388
15.0015 0.0190825 5.45479 0.0106289
15.0032 0.0189594 5.45447 0.0105247
15.0025 0.0187786 5.45454 0.010418
15.0032 0.0186025 5.45486 0.0103184
