15.3456 0 5.3825 0
15.2775 0.0680188 5.41335 0.0308519
15.3137 0.0534109 5.38924 0.0299752
15.3625 0.0616579 5.36466 0.0324534
15.2597 0.113304 5.39345 0.0382142
15.2107 0.104684 5.41589 0.0384327
15.1611 0.101427 5.45533 0.0510938
15.1135 0.0999397 5.4656 0.0454251
15.1145 0.0881449 5.45458 0.041548
15.1198 0.0790158 5.43476 0.0421174
15.1088 0.0723194 5.42512 0.0392972
15.0664 0.0784616 5.43822 0.0381897
15.0562 0.0728851 5.43668 0.035163
15.0496 0.0678071 5.44046 0.0327729
15.0392 0.0639669 5.43397 0.0311919
15.033 0.060158 5.4386 0.0295429
15.0464 0.0580726 5.43832 0.0277522
15.0489 0.0548107 5.4399 0.0262128
15.0366 0.0532926 5.4384 0.0248402
15.0353 0.0505732 5.43445 0.0238941
15.0363 0.0481137 5.4414 0.0237648
15.029 0.0464442 5.44481 0.0229141
15.0241 0.0446466 5.44981 0.0224589
15.0251 0.042756 5.44843 0.0215468
15.0192 0.0414225 5.45011 0.0207346
15.0271 0.0405653 5.45082 0.0199341
15.0193 0.0397978 5.45297 0.0193011
15.0054 0.0408027 5.45418 0.0186382
14.9999 0.0397513 5.45975 0.0188267
14.9985 0.0384307 5.45584 0.0186038
14.995 0.0373331 5.45637 0.0180017
14.9958 0.0361568 5.4554 0.0174571
14.9918 0.0352677 5.45321 0.0170618
14.9939 0.0342764 5.45347 0.0165545
14.9924 0.0333146 5.45364 0.0160754
14.9912 0.0323979 5.45277 0.0156463
14.9892 0.0315747 5.45385 0.0152553
14.9896 0.0307349 5.45267 0.0148948
14.9971 0.0308567 5.44947 0.0148575
14.9979 0.030086 5.45143 0.0146134
15.0055 0.0303234 5.4525 0.0142925
15.001 0.0299406 5.44997 0.0141758
14.996 0.029658 5.45592 0.0150681
14.9972 0.0290026 5.45373 0.0148832
14.9952 0.0284264 5.45322 0.0145578
14.9948 0.0278032 5.4567 0.0146574
14.9922 0.0273298 5.45698 0.0143448
14.9956 0.0269583 5.45389 0.0143788
14.9987 0.0265901 5.45666 0.014352
14.9956 0.0262349 5.45388 0.0143333
14.9953 0.0257176 5.4522 0.0141492
14.9965 0.0252489 5.45299 0.0138968
14.9939 0.0249075 5.45625 0.0140169
14.9921 0.0245104 5.45706 0.0137785
14.9935 0.0241054 5.4558 0.0135841
14.9933 0.0236723 5.45779 0.0134862
14.9947 0.0232942 5.45927 0.0133309
14.992 0.023043 5.46141 0.0132722
14.9953 0.0228863 5.45894 0.013278
14.9955 0.0225022 5.45494 0.0136533
14.9928 0.0222946 5.4584 0.013867
14.9925 0.0219334 5.46056 0.0138107
14.9906 0.0216654 5.4599 0.0136057
14.9917 0.0213534 5.46046 0.0134035
14.9913 0.021026 5.46122 0.0132175
14.9977 0.0216693 5.45908 0.0131912
15.0012 0.0216224 5.45786 0.0130495
15.005 0.0216302 5.4598 0.0130005
15.0075 0.0214659 5.45919 0.012825
15.0014 0.0220318 5.46094 0.012761
15.0017 0.0217226 5.45977 0.0126342
15.005 0.0216728 5.45698 0.0127671
15.0024 0.021542 5.45652 0.0125992
15.0025 0.0212495 5.45575 0.0124516
15.0014 0.0209943 5.45537 0.0122902
14.9991 0.0208457 5.45616 0.0121528
14.9977 0.0206183 5.45633 0.0119952
14.9987 0.0203773 5.45646 0.0118411
14.9961 0.0202956 5.4558 0.0117092
14.9955 0.0200489 5.45375 0.0117423
14.9903 0.0204617 5.45595 0.0118034
14.9891 0.0202442 5.45369 0.011875
14.9878 0.0200411 5.45472 0.0117764
14.9886 0.0198156 5.45415 0.0116495
14.9895 0.0196025 5.4533 0.0115429
14.993 0.0196893 5.45222 0.0114588
14.9934 0.0194647 5.45147 0.0113512
14.9913 0.0193515 5.45207 0.0112373
14.9921 0.0191502 5.45147 0.0111267
14.9977 0.0197378 5.45102 0.0110112
14.9969 0.0195371 5.45267 0.0110138
14.9981 0.0193596 5.45286 0.0108951
15.0008 0.019344 5.45126 0.0108947
15.0069 0.0200794 5.45018 0.0108324
15.0074 0.0198736 5.44963 0.010732
15.0085 0.0196957 5.45123 0.0107391
15.0056 0.0197069 5.4505 0.0106523
15.0056 0.0195049 5.45169 0.0106101
15.0066 0.0193327 5.45312 0.0105989
15.0074 0.019154 5.45256 0.0105072
