3.07432 0
3.1498 0.0754823
3.14097 0.0444667
3.14189 0.0314562
3.13165 0.0264283
3.12904 0.0217359
3.13469 0.0192184
3.14025 0.0175468
3.14098 0.0154923
3.1412 0.0138585
3.14031 0.0125674
3.13987 0.0114808
3.14029 0.0105693
3.1395 0.00981758
3.14179 0.00942218
3.14211 0.00881938
3.14234 0.00828776
3.14044 0.00804331
3.13965 0.00764878
3.14005 0.00726721
3.1437 0.00781762
3.14314 0.00747488
3.14266 0.00715861
3.14402 0.00698797
3.14558 0.00688104
3.14394 0.00681144
3.14681 0.00715457
3.14445 0.0072872
3.14394 0.00704931
3.14372 0.00681393
3.14257 0.00669042
3.14268 0.00647894
3.14117 0.00645844
3.1406 0.00629138
3.1404 0.00611229
3.14056 0.00594221
3.13968 0.00584598
3.14074 0.00578768
3.14007 0.00567722
3.13828 0.00581429
3.13954 0.00580821
3.13919 0.00567915
3.13849 0.00558845
3.13921 0.00550694
3.13902 0.00538655
3.13862 0.00528373
3.1384 0.00517464
3.13859 0.00506933
3.13841 0.00496797
3.1394 0.00496563
3.13854 0.004942
3.13886 0.00485645
3.13888 0.00476401
3.13973 0.00475053
3.14047 0.00472238
3.14056 0.00463811
3.14083 0.00456388
3.1391 0.00480549
3.13912 0.00472338
3.13865 0.00466774
3.13859 0.00459096
3.13918 0.00455508
3.13904 0.00448462
3.13824 0.00448586
3.13766 0.00445375
3.138 0.00439916
3.13829 0.00434258
3.13841 0.0042798
3.13868 0.00422621
3.13983 0.00432076
3.14018 0.00427397
3.14015 0.0042143
3.14049 0.00416988
3.1403 0.0041172
3.14019 0.00406369
3.14014 0.00401015
3.14091 0.00403273
3.14055 0.00399665
3.14134 0.00402368
3.14104 0.00398427
3.14087 0.00393862
3.14134 0.00391819
3.14201 0.00392928
3.14224 0.00388883
3.14204 0.00384786
3.14197 0.00380355
3.14202 0.00375988
3.1422 0.00372138
3.1425 0.00369124
3.14208 0.00367356
3.14231 0.00363993
3.14154 0.00368152
3.1417 0.0036453
3.14239 0.00367195
3.14254 0.00363616
3.14314 0.00364841
3.14337 0.00361799
3.14355 0.00358505
3.14276 0.00363442
3.14392 0.00378158
